[name]
unknown

[dist]
# distance from previous block
# <min> <max>
8	1272

[block]
# block no. 0 follows, 87 sequences, length 9
# corresponding to MSA columns:
# 0-8
name=unknown_A
#
# <colnr> <probs for GDERKNQSTAVLIFYWHMCP>
#	G	D	E	R	K	N	Q	S	T	A	V	L	I	F	Y	W	H	M	C	P
0	0.00627	0.00591	0.00999	0.82584	0.07328	0.00728	0.00911	0.00843	0.00657	0.00847	0.00582	0.00866	0.00440	0.00324	0.00326	0.00108	0.00432	0.00290	0.00146	0.00372
1	0.00559	0.00377	0.00473	0.00489	0.04273	0.00356	0.00346	0.02202	0.02907	0.06181	0.33753	0.12365	0.15495	0.03639	0.00408	0.00113	0.00196	0.04614	0.10927	0.00326
2	0.00629	0.00583	0.00971	0.72677	0.11208	0.00701	0.00871	0.00837	0.00666	0.00873	0.00688	0.00948	0.03241	0.00340	0.00324	0.00106	0.00411	0.00303	0.03247	0.00374
3	0.03140	0.04076	0.00705	0.00483	0.00765	0.00474	0.00391	0.00837	0.00679	0.02656	0.00647	0.00731	0.02463	0.00261	0.00244	0.00053	0.00245	0.00206	0.00198	0.80746
4	0.00584	0.01718	0.04070	0.06610	0.01881	0.00461	0.01931	0.04336	0.06922	0.03468	0.04712	0.27758	0.04257	0.09615	0.07310	0.00165	0.00316	0.05089	0.03480	0.05317
5	0.04690	0.03094	0.07016	0.03902	0.07298	0.17767	0.03010	0.14288	0.08034	0.04538	0.02167	0.11712	0.01911	0.02877	0.00364	0.00108	0.00373	0.03501	0.01142	0.02209
6	0.10723	0.12110	0.15222	0.03289	0.08192	0.01693	0.02948	0.10331	0.05033	0.10794	0.01703	0.01951	0.00580	0.01246	0.00315	0.01359	0.00344	0.00267	0.00221	0.11680
7	0.06959	0.10288	0.07315	0.16754	0.11664	0.02578	0.04626	0.14253	0.04165	0.03221	0.01611	0.06678	0.01638	0.02666	0.02622	0.00118	0.00381	0.01827	0.00212	0.00425
8	0.05716	0.05960	0.47364	0.00847	0.03956	0.02228	0.04681	0.07626	0.03689	0.05700	0.00724	0.05014	0.00566	0.00357	0.00307	0.00101	0.00409	0.00289	0.02548	0.01919

[dist]
# distance from previous block
# <min> <max>
17	84

[block]
# block no. 1 follows, 87 sequences, length 7
# corresponding to MSA columns:
# 93-99
name=unknown_B
#
# <colnr> <probs for GDERKNQSTAVLIFYWHMCP>
#	G	D	E	R	K	N	Q	S	T	A	V	L	I	F	Y	W	H	M	C	P
0	0.03130	0.00358	0.00443	0.00431	0.00461	0.00384	0.00290	0.00567	0.00516	0.03318	0.02614	0.01823	0.01077	0.55993	0.22005	0.00339	0.04095	0.01711	0.00201	0.00246
1	0.06597	0.00757	0.06130	0.06693	0.08390	0.03850	0.08486	0.10408	0.21526	0.06026	0.05801	0.01143	0.03317	0.02727	0.01197	0.00112	0.00343	0.01529	0.01909	0.03059
2	0.00495	0.00323	0.00386	0.00389	0.00405	0.00324	0.00238	0.00516	0.00510	0.03274	0.01110	0.11931	0.01251	0.67853	0.09389	0.00308	0.00352	0.00510	0.00214	0.00225
3	0.02997	0.72756	0.04472	0.00629	0.04133	0.03273	0.00584	0.02263	0.02191	0.00831	0.00502	0.00604	0.00455	0.02844	0.00265	0.00081	0.00356	0.00196	0.00150	0.00419
4	0.05439	0.00691	0.04405	0.17094	0.17373	0.01681	0.04250	0.09030	0.00753	0.09314	0.02161	0.02064	0.00629	0.02906	0.08015	0.01767	0.10749	0.01057	0.00205	0.00418
5	0.00581	0.00399	0.00485	0.00442	0.00545	0.00386	0.00336	0.05851	0.05941	0.05794	0.56441	0.03818	0.09761	0.03440	0.00410	0.00110	0.00186	0.00544	0.04191	0.00341
6	0.00518	0.00340	0.00410	0.00404	0.00436	0.00345	0.00261	0.02087	0.00546	0.04079	0.01169	0.07469	0.05345	0.57866	0.15685	0.00313	0.00390	0.00481	0.01612	0.00243

[dist]
# distance from previous block
# <min> <max>
13	34

[block]
# block no. 2 follows, 87 sequences, length 6
# corresponding to MSA columns:
# 137-142
name=unknown_C
#
# <colnr> <probs for GDERKNQSTAVLIFYWHMCP>
#	G	D	E	R	K	N	Q	S	T	A	V	L	I	F	Y	W	H	M	C	P
0	0.00482	0.00363	0.00487	0.03881	0.02681	0.00345	0.02398	0.00598	0.02470	0.03077	0.18019	0.32665	0.18966	0.06640	0.00478	0.00132	0.00219	0.05503	0.00297	0.00299
1	0.04792	0.00355	0.00425	0.00417	0.00512	0.00327	0.00315	0.00632	0.00797	0.06820	0.34683	0.16799	0.26013	0.00748	0.00381	0.00112	0.00184	0.05052	0.00326	0.00310
2	0.00774	0.11631	0.14635	0.12132	0.10846	0.04353	0.10030	0.04614	0.05098	0.03976	0.00742	0.05125	0.00634	0.02416	0.00372	0.00104	0.03341	0.02606	0.00191	0.06378
3	0.09592	0.12255	0.05723	0.02989	0.09138	0.07752	0.02763	0.23935	0.04746	0.05105	0.00718	0.03944	0.00579	0.00383	0.00350	0.00099	0.06494	0.00287	0.02694	0.00455
4	0.00768	0.00437	0.00520	0.00466	0.00588	0.02899	0.00356	0.03518	0.00837	0.23195	0.26709	0.09595	0.10058	0.08188	0.00468	0.00123	0.00228	0.03194	0.07488	0.00364
5	0.00499	0.05004	0.00508	0.00502	0.03840	0.00376	0.00344	0.00585	0.02467	0.02561	0.08206	0.37218	0.11501	0.15022	0.00625	0.03287	0.00235	0.06661	0.00273	0.00286

[dist]
# distance from previous block
# <min> <max>
1	4

[block]
# block no. 3 follows, 87 sequences, length 8
# corresponding to MSA columns:
# 147-154
name=unknown_D
#
# <colnr> <probs for GDERKNQSTAVLIFYWHMCP>
#	G	D	E	R	K	N	Q	S	T	A	V	L	I	F	Y	W	H	M	C	P
0	0.01113	0.07998	0.00990	0.02949	0.06267	0.61232	0.00639	0.06871	0.00904	0.00914	0.00548	0.00646	0.00453	0.00341	0.00313	0.00087	0.03212	0.00226	0.03897	0.00397
1	0.13033	0.00489	0.00556	0.00486	0.00635	0.00493	0.00380	0.09670	0.04652	0.21066	0.15108	0.10917	0.02557	0.00534	0.00353	0.03735	0.00231	0.00415	0.14296	0.00393
2	0.02800	0.00630	0.00610	0.00555	0.00702	0.07201	0.00427	0.10555	0.34132	0.01267	0.01397	0.09661	0.10419	0.00511	0.00319	0.00102	0.00257	0.00420	0.17617	0.00415
3	0.00456	0.00329	0.00392	0.00389	0.00471	0.00296	0.00287	0.00569	0.00798	0.02718	0.37665	0.13248	0.31170	0.02948	0.00413	0.00114	0.00171	0.02340	0.04932	0.00293
4	0.00543	0.00387	0.00442	0.00428	0.00483	0.00391	0.00292	0.09893	0.00666	0.00874	0.01453	0.09191	0.14198	0.48589	0.04570	0.00242	0.00309	0.06541	0.00243	0.00266
5	0.01109	0.00541	0.00665	0.00553	0.00749	0.00527	0.00447	0.04606	0.17904	0.45689	0.03271	0.01291	0.00945	0.00437	0.00319	0.00101	0.00253	0.04336	0.15772	0.00486
6	0.00485	0.00376	0.00552	0.00541	0.00592	0.00448	0.00421	0.00593	0.00520	0.00753	0.00847	0.01278	0.00803	0.06404	0.76611	0.00485	0.07475	0.00350	0.00173	0.00292
7	0.80878	0.00638	0.00508	0.00455	0.00655	0.00740	0.00371	0.01044	0.10004	0.01452	0.00551	0.00606	0.00424	0.00318	0.00216	0.00102	0.00253	0.00198	0.00216	0.00371

[dist]
# distance from previous block
# <min> <max>
0	1

[block]
# block no. 4 follows, 87 sequences, length 10
# corresponding to MSA columns:
# 156-165
name=unknown_E
#
# <colnr> <probs for GDERKNQSTAVLIFYWHMCP>
#	G	D	E	R	K	N	Q	S	T	A	V	L	I	F	Y	W	H	M	C	P
0	0.00840	0.00748	0.01438	0.01053	0.01333	0.00700	0.51935	0.02537	0.03444	0.13190	0.06366	0.01081	0.00761	0.00346	0.00376	0.00104	0.02081	0.02773	0.00225	0.08669
1	0.00843	0.00736	0.00807	0.06439	0.05273	0.03030	0.00577	0.08453	0.66991	0.01356	0.01177	0.01122	0.00884	0.00420	0.00330	0.00108	0.00293	0.00349	0.00306	0.00506
2	0.69542	0.00718	0.00554	0.00489	0.00682	0.09020	0.00392	0.06121	0.00657	0.03956	0.00533	0.00649	0.00428	0.04774	0.00296	0.00110	0.00295	0.00206	0.00212	0.00366
3	0.01171	0.00813	0.00887	0.00700	0.00940	0.00888	0.00572	0.57942	0.16032	0.12172	0.00948	0.00912	0.00671	0.00401	0.00324	0.00100	0.00325	0.00311	0.03352	0.00540
4	0.90843	0.00631	0.00479	0.00429	0.00631	0.00732	0.00353	0.00959	0.00555	0.01463	0.00454	0.00530	0.00353	0.00303	0.00202	0.00101	0.00252	0.00177	0.00202	0.00353
5	0.00807	0.00775	0.01324	0.02002	0.86506	0.00775	0.01001	0.01001	0.00742	0.01065	0.00613	0.00807	0.00517	0.00291	0.00323	0.00097	0.00387	0.00291	0.00161	0.00517
6	0.00874	0.00732	0.00773	0.00676	0.00872	0.00841	0.00531	0.14049	0.73498	0.01466	0.01247	0.01153	0.00931	0.00435	0.00331	0.00109	0.00273	0.00358	0.00331	0.00522
7	0.00537	0.00445	0.00623	0.00583	0.00613	0.00555	0.00450	0.00617	0.00507	0.00739	0.00780	0.01297	0.00783	0.19695	0.45301	0.00374	0.25284	0.00357	0.00170	0.00290
8	0.00865	0.00714	0.00760	0.00666	0.00854	0.00813	0.00522	0.17523	0.64332	0.01460	0.01255	0.06832	0.00988	0.00471	0.00336	0.00110	0.00273	0.00391	0.00329	0.00507
9	0.00486	0.00356	0.00474	0.00532	0.00607	0.00344	0.00446	0.00616	0.00745	0.00962	0.06252	0.12488	0.15613	0.00890	0.00433	0.00139	0.00259	0.57761	0.00304	0.00293

[dist]
# distance from previous block
# <min> <max>
2	40

[block]
# block no. 5 follows, 87 sequences, length 10
# corresponding to MSA columns:
# 206-215
name=unknown_F
#
# <colnr> <probs for GDERKNQSTAVLIFYWHMCP>
#	G	D	E	R	K	N	Q	S	T	A	V	L	I	F	Y	W	H	M	C	P
0	0.00429	0.00345	0.00421	0.07679	0.00615	0.00322	0.00336	0.00530	0.00736	0.00934	0.15820	0.18457	0.43799	0.03123	0.00423	0.00120	0.00201	0.05129	0.00296	0.00285
1	0.00593	0.07837	0.00619	0.00499	0.00631	0.04953	0.02712	0.00776	0.08773	0.04788	0.07665	0.07768	0.36090	0.00785	0.05201	0.00133	0.00281	0.09278	0.00282	0.00337
2	0.00691	0.03225	0.04260	0.01745	0.00830	0.00496	0.06825	0.01840	0.01924	0.06813	0.06688	0.01124	0.07891	0.02124	0.06775	0.00111	0.00320	0.00308	0.00223	0.45789
3	0.00594	0.00526	0.00787	0.46959	0.02940	0.02605	0.02041	0.03780	0.00693	0.00902	0.01051	0.22325	0.04284	0.00548	0.00367	0.00115	0.02053	0.04188	0.02898	0.00342
4	0.00958	0.00558	0.00688	0.07833	0.00862	0.00568	0.00478	0.12946	0.13851	0.28988	0.10381	0.06281	0.07409	0.02163	0.00364	0.00108	0.00268	0.00416	0.04428	0.00451
5	0.00563	0.00366	0.00443	0.00443	0.00521	0.00350	0.00324	0.03928	0.03100	0.07248	0.15204	0.27185	0.13434	0.11283	0.00531	0.00139	0.00215	0.06704	0.07708	0.00310
6	0.00756	0.06340	0.19473	0.09193	0.12906	0.04874	0.07438	0.06596	0.02478	0.03487	0.03342	0.03962	0.00759	0.00507	0.03983	0.00125	0.05011	0.08146	0.00198	0.00427
7	0.03161	0.26709	0.09460	0.04278	0.02799	0.02306	0.07211	0.04249	0.03633	0.02017	0.02880	0.03887	0.00660	0.02464	0.02570	0.01935	0.16318	0.02886	0.00180	0.00398
8	0.00452	0.00351	0.00431	0.00447	0.00511	0.00343	0.00332	0.00533	0.00695	0.02553	0.08843	0.35787	0.34033	0.00864	0.00457	0.00123	0.07510	0.05152	0.00296	0.00287
9	0.00495	0.00349	0.00410	0.00410	0.00436	0.00363	0.00260	0.00589	0.07630	0.00728	0.01138	0.08679	0.03210	0.60085	0.11604	0.02306	0.00363	0.00487	0.00216	0.00241

[dist]
# distance from previous block
# <min> <max>
9	122

[block]
# block no. 6 follows, 87 sequences, length 11
# corresponding to MSA columns:
# 339-349
name=unknown_G
#
# <colnr> <probs for GDERKNQSTAVLIFYWHMCP>
#	G	D	E	R	K	N	Q	S	T	A	V	L	I	F	Y	W	H	M	C	P
0	0.00660	0.01643	0.82229	0.00954	0.01427	0.00761	0.05782	0.01033	0.00693	0.01033	0.00589	0.00699	0.00418	0.00308	0.00314	0.00104	0.00486	0.00249	0.00139	0.00480
1	0.00406	0.00321	0.00366	0.00377	0.00459	0.00281	0.00274	0.00501	0.00761	0.00974	0.23132	0.21451	0.47881	0.00830	0.00392	0.00113	0.00168	0.00716	0.00316	0.00281
2	0.00489	0.00368	0.00530	0.00521	0.00590	0.00422	0.00406	0.03593	0.00572	0.00810	0.01004	0.01366	0.05529	0.02283	0.79361	0.00486	0.00816	0.00366	0.00187	0.00300
3	0.05809	0.01202	0.05656	0.00814	0.01000	0.50577	0.08767	0.03732	0.00857	0.00946	0.00740	0.03496	0.00676	0.00422	0.00321	0.00098	0.00492	0.11022	0.02996	0.00378
4	0.10332	0.07252	0.64290	0.00839	0.01250	0.06287	0.01017	0.01057	0.02960	0.01055	0.00577	0.00668	0.00423	0.00312	0.00291	0.00100	0.00449	0.00231	0.00152	0.00458
5	0.00787	0.02693	0.11270	0.05602	0.16750	0.06515	0.10938	0.04526	0.19473	0.02012	0.04708	0.02340	0.00761	0.00446	0.02655	0.00117	0.06227	0.01508	0.00217	0.00453
6	0.00468	0.00345	0.00409	0.00400	0.00491	0.00308	0.00293	0.00587	0.02181	0.02733	0.29893	0.19957	0.28579	0.03259	0.00412	0.00113	0.00178	0.00645	0.03475	0.05275
7	0.00590	0.00500	0.00721	0.18609	0.02805	0.02937	0.05140	0.04113	0.02694	0.00897	0.03715	0.06061	0.03602	0.07688	0.26613	0.02687	0.02587	0.06035	0.01680	0.00327
8	0.00892	0.83694	0.01663	0.00574	0.00847	0.06260	0.00562	0.00995	0.00678	0.00769	0.00456	0.00527	0.00419	0.00282	0.00214	0.00071	0.00363	0.00176	0.00141	0.00416
9	0.00397	0.00284	0.00378	0.00454	0.00473	0.00265	0.00303	0.00454	0.00624	0.00832	0.01797	0.88327	0.02157	0.01022	0.00416	0.00132	0.00189	0.00927	0.00303	0.00265
10	0.00403	0.00289	0.00381	0.00448	0.00470	0.00273	0.00300	0.00460	0.00617	0.00822	0.01774	0.78664	0.04611	0.05138	0.03543	0.00154	0.00219	0.00878	0.00293	0.00263

[dist]
# distance from previous block
# <min> <max>
17	70

[block]
# block no. 7 follows, 87 sequences, length 16
# corresponding to MSA columns:
# 427-442
name=unknown_H
#
# <colnr> <probs for GDERKNQSTAVLIFYWHMCP>
#	G	D	E	R	K	N	Q	S	T	A	V	L	I	F	Y	W	H	M	C	P
0	0.00416	0.00309	0.00383	0.00430	0.00477	0.00288	0.00304	0.00485	0.00649	0.00837	0.02068	0.47717	0.23439	0.08836	0.04048	0.00161	0.00232	0.08369	0.00288	0.00266
1	0.00762	0.05615	0.13409	0.06977	0.09044	0.09078	0.12968	0.04640	0.01586	0.05142	0.02755	0.07875	0.03893	0.02679	0.04190	0.01181	0.01720	0.03902	0.02183	0.00403
2	0.01590	0.00646	0.08329	0.10663	0.10343	0.02294	0.05279	0.05461	0.03705	0.06018	0.07966	0.13110	0.05757	0.08487	0.01307	0.00132	0.01787	0.04049	0.01725	0.01352
3	0.62349	0.00592	0.00538	0.00461	0.00662	0.00646	0.00378	0.02818	0.00681	0.18532	0.06720	0.00804	0.00653	0.00352	0.00243	0.00100	0.00250	0.00242	0.02586	0.00393
4	0.02665	0.04609	0.10147	0.05988	0.04702	0.13633	0.10177	0.14269	0.01686	0.07065	0.03133	0.04752	0.01956	0.05522	0.00440	0.01946	0.02554	0.02081	0.02257	0.00416
5	0.04783	0.03189	0.08248	0.04680	0.25383	0.08379	0.06370	0.09485	0.04667	0.08784	0.04638	0.04452	0.00745	0.00390	0.00344	0.00102	0.02495	0.02182	0.00224	0.00459
6	0.03472	0.01032	0.06581	0.09801	0.09667	0.31090	0.06598	0.07643	0.01601	0.02651	0.07458	0.02879	0.00723	0.00405	0.01362	0.00102	0.03319	0.00302	0.02130	0.01184
7	0.05090	0.00607	0.00972	0.70323	0.07118	0.00730	0.02253	0.04778	0.00698	0.00940	0.00664	0.00910	0.02897	0.00339	0.00322	0.00107	0.00414	0.00297	0.00162	0.00379
8	0.02944	0.00755	0.00950	0.11139	0.11099	0.08114	0.06864	0.10824	0.16405	0.11834	0.02728	0.01070	0.05288	0.01344	0.00401	0.00108	0.07092	0.00336	0.00252	0.00453
9	0.00638	0.00539	0.01543	0.04898	0.04782	0.02492	0.02139	0.03608	0.24108	0.02234	0.29081	0.04938	0.08869	0.02864	0.02211	0.00122	0.00262	0.02986	0.01301	0.00386
10	0.22393	0.00643	0.05452	0.00616	0.02653	0.00599	0.01577	0.06994	0.01932	0.37929	0.00992	0.04125	0.00746	0.00539	0.05420	0.00130	0.02064	0.04438	0.00299	0.00458
11	0.03383	0.01460	0.08359	0.01664	0.05829	0.02758	0.03230	0.22328	0.05169	0.22659	0.01722	0.03418	0.00689	0.02039	0.01311	0.04569	0.04194	0.00317	0.00277	0.04627
12	0.00844	0.03888	0.00784	0.00659	0.00842	0.02229	0.00521	0.08854	0.66994	0.01366	0.01191	0.01126	0.00899	0.00432	0.00347	0.00107	0.03332	0.00347	0.04743	0.00498
13	0.09089	0.10879	0.04474	0.02447	0.12231	0.11981	0.05235	0.08674	0.04115	0.11093	0.03550	0.08198	0.00752	0.01533	0.00360	0.00103	0.04291	0.00333	0.00230	0.00433
14	0.01994	0.04737	0.00562	0.00511	0.00613	0.00426	0.00410	0.03381	0.02223	0.11820	0.07328	0.20762	0.05779	0.04398	0.02392	0.01327	0.00265	0.25514	0.05221	0.00336
15	0.01155	0.01393	0.00955	0.00921	0.08284	0.69250	0.00654	0.06861	0.00932	0.00914	0.00533	0.00625	0.00440	0.00337	0.00313	0.00086	0.02362	0.00223	0.00178	0.03583

[dist]
# distance from previous block
# <min> <max>
10	51

[block]
# block no. 8 follows, 87 sequences, length 8
# corresponding to MSA columns:
# 494-501
name=unknown_I
#
# <colnr> <probs for GDERKNQSTAVLIFYWHMCP>
#	G	D	E	R	K	N	Q	S	T	A	V	L	I	F	Y	W	H	M	C	P
0	0.00418	0.00304	0.00376	0.00425	0.00459	0.00283	0.00289	0.00475	0.00626	0.00814	0.01909	0.52283	0.16357	0.17034	0.00641	0.00163	0.00216	0.06388	0.00283	0.00257
1	0.00441	0.00326	0.00393	0.00385	0.00466	0.00294	0.00285	0.00564	0.00830	0.01133	0.49515	0.10633	0.27369	0.00732	0.00380	0.00106	0.00160	0.00635	0.05059	0.00294
2	0.00872	0.88736	0.01709	0.00558	0.00837	0.01290	0.00558	0.00976	0.00663	0.00767	0.00453	0.00523	0.00418	0.00279	0.00209	0.00070	0.00349	0.00174	0.00139	0.00418
3	0.00414	0.00296	0.00397	0.00473	0.00499	0.00279	0.00332	0.00483	0.00641	0.00851	0.01788	0.77373	0.02120	0.01006	0.00421	0.00135	0.00204	0.11717	0.00302	0.00269
4	0.06861	0.00569	0.00754	0.00587	0.00822	0.00525	0.00485	0.01504	0.00885	0.76515	0.01186	0.01051	0.00757	0.00407	0.00364	0.00103	0.05402	0.00316	0.00376	0.00531
5	0.77466	0.00673	0.00554	0.00477	0.00687	0.00773	0.00393	0.13568	0.00701	0.01551	0.00503	0.00568	0.00383	0.00316	0.00220	0.00100	0.00268	0.00194	0.00220	0.00383
6	0.01078	0.00757	0.00815	0.00654	0.00852	0.04535	0.00521	0.51323	0.01184	0.11569	0.00875	0.01061	0.00697	0.13743	0.08675	0.00170	0.00401	0.00326	0.00295	0.00469
7	0.06015	0.01510	0.68979	0.00873	0.01306	0.00794	0.01068	0.13627	0.00807	0.01210	0.00607	0.00693	0.00431	0.00322	0.00306	0.00102	0.00450	0.00245	0.00170	0.00485

[dist]
# distance from previous block
# <min> <max>
8	28

[block]
# block no. 9 follows, 87 sequences, length 13
# corresponding to MSA columns:
# 530-542
name=unknown_J
#
# <colnr> <probs for GDERKNQSTAVLIFYWHMCP>
#	G	D	E	R	K	N	Q	S	T	A	V	L	I	F	Y	W	H	M	C	P
0	0.02360	0.00742	0.01199	0.16452	0.28913	0.04091	0.18536	0.06432	0.05378	0.02407	0.00781	0.08579	0.00673	0.00378	0.00341	0.00105	0.00404	0.00366	0.01420	0.00443
1	0.09734	0.00877	0.00925	0.00715	0.00970	0.00970	0.00591	0.75154	0.01424	0.04286	0.00765	0.00768	0.00542	0.00383	0.00314	0.00098	0.00347	0.00283	0.00317	0.00535
2	0.00434	0.00346	0.00400	0.00462	0.00495	0.04272	0.00313	0.00494	0.00648	0.00835	0.01860	0.77360	0.08923	0.00974	0.00408	0.00128	0.00206	0.00875	0.00297	0.00271
3	0.00773	0.00610	0.03300	0.00609	0.00755	0.00621	0.00495	0.33173	0.04447	0.01350	0.02765	0.24054	0.05197	0.03832	0.03183	0.00137	0.01419	0.12582	0.00299	0.00399
4	0.00989	0.00598	0.03499	0.00584	0.00785	0.00563	0.02614	0.05011	0.23460	0.34311	0.05498	0.01438	0.10121	0.04624	0.00397	0.00114	0.00268	0.00393	0.04265	0.00470
5	0.00401	0.00285	0.00377	0.00449	0.00467	0.00267	0.00297	0.00455	0.00617	0.00822	0.01759	0.83995	0.02108	0.05421	0.00479	0.00142	0.00196	0.00904	0.00297	0.00261
6	0.48067	0.00742	0.04861	0.09873	0.13236	0.02001	0.05316	0.06602	0.02529	0.03239	0.00568	0.00677	0.00434	0.00314	0.00263	0.00102	0.00331	0.00235	0.00200	0.00410
7	0.02555	0.11082	0.04820	0.16060	0.07708	0.27096	0.08401	0.01929	0.07790	0.00932	0.00713	0.02438	0.02010	0.00369	0.00327	0.00098	0.02279	0.02804	0.00182	0.00407
8	0.00539	0.00347	0.00422	0.00404	0.00487	0.00333	0.00302	0.00723	0.05100	0.03615	0.51810	0.08526	0.02275	0.00603	0.00343	0.00098	0.00165	0.00525	0.23063	0.00321
9	0.00408	0.00330	0.00364	0.00368	0.00464	0.00286	0.00277	0.00506	0.00770	0.00964	0.19067	0.09186	0.60030	0.00813	0.00391	0.00112	0.00172	0.04898	0.00313	0.00282
10	0.01759	0.05985	0.09527	0.11314	0.07080	0.16266	0.00685	0.17905	0.02568	0.08740	0.00822	0.02931	0.02977	0.02433	0.04165	0.00123	0.02253	0.01804	0.00226	0.00437
11	0.02152	0.00645	0.00831	0.02731	0.06294	0.02161	0.02580	0.17364	0.03750	0.46932	0.03572	0.02750	0.02984	0.01557	0.02068	0.00112	0.00319	0.00347	0.00340	0.00509
12	0.00450	0.00324	0.00461	0.00495	0.00541	0.00299	0.04329	0.00521	0.00648	0.03719	0.01814	0.76286	0.06961	0.00954	0.00410	0.00129	0.00208	0.00867	0.00300	0.00283

[dist]
# distance from previous block
# <min> <max>
8	40

[block]
# block no. 10 follows, 87 sequences, length 15
# corresponding to MSA columns:
# 583-597
name=unknown_K
#
# <colnr> <probs for GDERKNQSTAVLIFYWHMCP>
#	G	D	E	R	K	N	Q	S	T	A	V	L	I	F	Y	W	H	M	C	P
0	0.00478	0.00355	0.00492	0.00487	0.00524	0.00404	0.00356	0.00556	0.00510	0.00722	0.00919	0.03374	0.00939	0.28524	0.55375	0.00435	0.04707	0.00397	0.00183	0.00265
1	0.00637	0.03637	0.01026	0.79027	0.07816	0.00747	0.00900	0.00849	0.00658	0.00846	0.00577	0.00853	0.00440	0.00322	0.00322	0.00107	0.00429	0.00286	0.00146	0.00374
2	0.06203	0.40610	0.08785	0.00721	0.00980	0.24715	0.06210	0.01123	0.06249	0.00896	0.00549	0.00624	0.00457	0.00309	0.00260	0.00084	0.00428	0.00217	0.00165	0.00417
3	0.01175	0.00883	0.00934	0.00729	0.00967	0.03075	0.00599	0.73483	0.04000	0.01917	0.00796	0.00812	0.00576	0.00397	0.00345	0.00098	0.03207	0.00294	0.05184	0.00529
4	0.00746	0.00702	0.01165	0.02845	0.63546	0.01827	0.05138	0.00932	0.00760	0.01081	0.09369	0.01092	0.04501	0.00356	0.00330	0.00098	0.00355	0.00342	0.04349	0.00467
5	0.00401	0.00289	0.00381	0.00451	0.00476	0.00269	0.00305	0.00464	0.00641	0.00851	0.04366	0.80596	0.05622	0.01001	0.00415	0.00131	0.00189	0.02581	0.00304	0.00267
6	0.00804	0.00694	0.00734	0.00654	0.00844	0.00791	0.00509	0.01684	0.81375	0.01348	0.01287	0.01188	0.00968	0.00432	0.00327	0.00107	0.00257	0.00359	0.00324	0.05312
7	0.00643	0.00612	0.04131	0.35492	0.02449	0.01550	0.05289	0.00813	0.02375	0.02522	0.00749	0.02518	0.00679	0.04897	0.05629	0.04043	0.16344	0.07800	0.01116	0.00350
8	0.00441	0.00315	0.00396	0.00429	0.00488	0.00286	0.00307	0.00529	0.00722	0.03211	0.18550	0.47343	0.20163	0.00889	0.00403	0.00122	0.00185	0.04622	0.00316	0.00285
9	0.00421	0.00298	0.00392	0.00459	0.00481	0.00283	0.00315	0.00481	0.00620	0.00824	0.01698	0.68750	0.02010	0.11401	0.00568	0.00156	0.00217	0.10075	0.00290	0.00261
10	0.00779	0.00780	0.03797	0.12858	0.23560	0.00748	0.37101	0.03744	0.00769	0.05058	0.00749	0.05574	0.00622	0.00348	0.00357	0.00107	0.00448	0.01966	0.00187	0.00448
11	0.03431	0.48674	0.10374	0.00627	0.00899	0.13214	0.00604	0.02276	0.01637	0.02319	0.00534	0.00628	0.00458	0.01557	0.02504	0.00091	0.00394	0.00203	0.00161	0.09414
12	0.02399	0.00784	0.00851	0.00674	0.00894	0.02777	0.00549	0.58687	0.01272	0.10455	0.00854	0.00918	0.00632	0.03093	0.08871	0.00145	0.00393	0.00305	0.04950	0.00499
13	0.00415	0.00293	0.00376	0.00435	0.00453	0.00278	0.00285	0.00463	0.00599	0.00796	0.01672	0.67242	0.03735	0.18694	0.00668	0.00169	0.00217	0.02676	0.00281	0.00252
14	0.60608	0.07372	0.03057	0.00523	0.02258	0.03151	0.00433	0.06377	0.03883	0.01360	0.01894	0.02204	0.02487	0.00363	0.00252	0.01361	0.00281	0.01546	0.00214	0.00377

[dist]
# distance from previous block
# <min> <max>
1	3

[block]
# block no. 11 follows, 87 sequences, length 12
# corresponding to MSA columns:
# 601-612
name=unknown_L
#
# <colnr> <probs for GDERKNQSTAVLIFYWHMCP>
#	G	D	E	R	K	N	Q	S	T	A	V	L	I	F	Y	W	H	M	C	P
0	0.05076	0.08805	0.03897	0.05074	0.08539	0.44596	0.02597	0.09526	0.04922	0.01015	0.00582	0.00675	0.00468	0.00339	0.00313	0.00091	0.02639	0.00239	0.00187	0.00420
1	0.07813	0.02915	0.02349	0.04278	0.00899	0.04179	0.00531	0.34300	0.10345	0.14012	0.02346	0.00933	0.00689	0.00386	0.00301	0.00096	0.00311	0.00297	0.12542	0.00477
2	0.00719	0.00695	0.01070	0.19510	0.43366	0.04568	0.03477	0.00918	0.03766	0.00977	0.02164	0.05039	0.07270	0.02171	0.00382	0.00108	0.02822	0.00360	0.00185	0.00432
3	0.00758	0.00597	0.00660	0.00600	0.00759	0.00660	0.00468	0.04265	0.54874	0.05610	0.13530	0.05402	0.04960	0.00536	0.00351	0.00112	0.00243	0.04823	0.00335	0.00457
4	0.00712	0.00479	0.00602	0.04346	0.04300	0.00487	0.00436	0.11954	0.07536	0.10351	0.19563	0.21815	0.05298	0.02062	0.00383	0.00113	0.00241	0.03533	0.05409	0.00380
5	0.00484	0.00357	0.00462	0.00509	0.00580	0.00347	0.00411	0.00627	0.03716	0.00960	0.08611	0.18576	0.15007	0.04677	0.00477	0.00143	0.00247	0.43213	0.00302	0.00294
6	0.00411	0.00323	0.00363	0.00368	0.00448	0.00284	0.00265	0.00499	0.00744	0.00948	0.21345	0.14864	0.48903	0.08168	0.00496	0.00129	0.00179	0.00682	0.00306	0.00275
7	0.02309	0.00437	0.00534	0.00470	0.00611	0.00417	0.00366	0.02203	0.08709	0.27190	0.22059	0.09666	0.05140	0.00540	0.00331	0.00101	0.00209	0.00459	0.17850	0.00400
8	0.00888	0.00831	0.00771	0.00677	0.00832	0.23500	0.05825	0.01266	0.27522	0.05332	0.00970	0.01068	0.00761	0.00407	0.00344	0.00098	0.04961	0.02697	0.20836	0.00414
9	0.00485	0.00336	0.00392	0.00385	0.00478	0.00299	0.00288	0.00598	0.00795	0.05252	0.30188	0.11360	0.37607	0.00738	0.00374	0.00107	0.00171	0.02225	0.07620	0.00301
10	0.03869	0.03964	0.00880	0.00693	0.00895	0.13091	0.00556	0.44341	0.09169	0.04080	0.00794	0.00891	0.00619	0.05484	0.03531	0.02139	0.02903	0.00294	0.01340	0.00467
11	0.03906	0.00569	0.00656	0.00501	0.00755	0.00470	0.00399	0.02210	0.06738	0.03017	0.03046	0.04536	0.00705	0.00328	0.00267	0.00065	0.00243	0.02794	0.00222	0.68572

[dist]
# distance from previous block
# <min> <max>
6	14

[block]
# block no. 12 follows, 87 sequences, length 13
# corresponding to MSA columns:
# 627-639
name=unknown_M
#
# <colnr> <probs for GDERKNQSTAVLIFYWHMCP>
#	G	D	E	R	K	N	Q	S	T	A	V	L	I	F	Y	W	H	M	C	P
0	0.00540	0.00451	0.00609	0.01946	0.07823	0.01958	0.04082	0.02456	0.07935	0.00960	0.05550	0.38878	0.10916	0.03653	0.02518	0.00138	0.02082	0.06900	0.00276	0.00330
1	0.02359	0.00890	0.00893	0.08288	0.03790	0.17518	0.02755	0.33556	0.06603	0.02601	0.00803	0.02960	0.01690	0.00422	0.01283	0.00103	0.04879	0.00304	0.07852	0.00450
2	0.00916	0.00685	0.00748	0.00640	0.00832	0.00759	0.00506	0.19339	0.49616	0.08845	0.10499	0.01249	0.01110	0.00451	0.00334	0.00105	0.00268	0.00372	0.02226	0.00500
3	0.00480	0.00314	0.00412	0.00460	0.00505	0.00291	0.00323	0.00552	0.00671	0.06347	0.06240	0.64399	0.07089	0.03791	0.00450	0.00135	0.00204	0.06742	0.00308	0.00287
4	0.00788	0.04554	0.09694	0.28316	0.15337	0.07586	0.05328	0.06573	0.08137	0.03015	0.00724	0.04761	0.00589	0.00369	0.00345	0.00104	0.02839	0.00315	0.00191	0.00433
5	0.00498	0.00344	0.00430	0.00425	0.00452	0.00365	0.00281	0.03379	0.00529	0.00723	0.00985	0.04639	0.01067	0.54210	0.27448	0.02868	0.00481	0.00440	0.00197	0.00239
6	0.12667	0.00585	0.00727	0.00570	0.00810	0.00549	0.00469	0.06109	0.03963	0.66485	0.02933	0.01050	0.00790	0.00397	0.00313	0.00101	0.00275	0.00314	0.00370	0.00523
7	0.00943	0.10444	0.16471	0.00782	0.05230	0.04251	0.04619	0.18224	0.06548	0.14235	0.01685	0.01064	0.03569	0.03487	0.01173	0.00111	0.01982	0.03187	0.01527	0.00467
8	0.00681	0.00661	0.06019	0.46883	0.14946	0.00686	0.02055	0.03922	0.02894	0.03117	0.00866	0.01146	0.05708	0.00389	0.00340	0.00107	0.01320	0.04472	0.03389	0.00400
9	0.01122	0.00527	0.00675	0.00552	0.00750	0.00490	0.00445	0.07056	0.06957	0.51141	0.14325	0.04585	0.05131	0.00500	0.00344	0.00104	0.00253	0.02647	0.01915	0.00480
10	0.03423	0.00755	0.01181	0.26652	0.37564	0.05544	0.09248	0.04367	0.00754	0.02338	0.00648	0.01815	0.00532	0.00333	0.00340	0.00103	0.01709	0.02078	0.00173	0.00444
11	0.03345	0.03223	0.14709	0.04969	0.08381	0.14471	0.09148	0.13849	0.04827	0.06328	0.00754	0.05630	0.00615	0.00440	0.02575	0.00113	0.04611	0.00316	0.01251	0.00446
12	0.00503	0.00385	0.00447	0.00429	0.00538	0.00361	0.01639	0.00702	0.10293	0.03831	0.20096	0.10123	0.41975	0.00733	0.00377	0.00111	0.00189	0.03675	0.03274	0.00322

[dist]
# distance from previous block
# <min> <max>
0	*

# created by:
# /home/oliver/Arbeit/Muster/bin/msa2prfl.pl --prefix_from_seqnames --blockscorefile=PF00225_seed.blocks.txt --max_entropy=0.75 PF00225_seed.txt
