[name]
unknown

[dist]
# distance from previous block
# <min> <max>
33	566

[block]
# block no. 0 follows, 120 sequences, length 9
# corresponding to MSA columns:
# 44-52
name=unknown_A
#
# <colnr> <probs for GDERKNQSTAVLIFYWHMCP>
#	G	D	E	R	K	N	Q	S	T	A	V	L	I	F	Y	W	H	M	C	P
0	0.00629	0.40517	0.19037	0.00591	0.00818	0.05134	0.14139	0.00785	0.02596	0.04628	0.00497	0.03947	0.00423	0.00260	0.00227	0.00069	0.02051	0.01428	0.01893	0.00329
1	0.02682	0.00297	0.00370	0.00337	0.00427	0.00276	0.00259	0.00605	0.02417	0.18185	0.33349	0.05786	0.21170	0.02557	0.08836	0.00114	0.00197	0.00407	0.01460	0.00266
2	0.01929	0.30113	0.18424	0.06650	0.06425	0.14292	0.02461	0.00787	0.02649	0.03058	0.03457	0.01761	0.01527	0.00262	0.00232	0.00069	0.03020	0.00195	0.00131	0.02560
3	0.00649	0.05036	0.11867	0.12735	0.13664	0.01542	0.02843	0.09653	0.04558	0.14552	0.02496	0.04649	0.03319	0.01201	0.02714	0.00089	0.02308	0.02966	0.00181	0.02979
4	0.00955	0.00429	0.00529	0.00428	0.00590	0.04753	0.00346	0.01058	0.02348	0.66840	0.03088	0.05179	0.05414	0.00358	0.00255	0.00078	0.00210	0.02379	0.04385	0.00378
5	0.00391	0.02103	0.00356	0.04745	0.00448	0.00270	0.00257	0.00487	0.02084	0.05413	0.27444	0.14666	0.27809	0.04325	0.01870	0.00096	0.00162	0.03153	0.03686	0.00235
6	0.02198	0.13041	0.12131	0.10259	0.09257	0.05642	0.11669	0.06509	0.05320	0.14200	0.01679	0.00639	0.00440	0.00253	0.00235	0.00073	0.00299	0.00216	0.01053	0.04887
7	0.05368	0.02188	0.03471	0.02044	0.07343	0.04397	0.02462	0.06142	0.04066	0.42751	0.05065	0.05155	0.04450	0.00338	0.00263	0.00078	0.02423	0.00277	0.01354	0.00365
8	0.01047	0.00434	0.00573	0.00449	0.00632	0.00393	0.00371	0.06766	0.03197	0.75788	0.00971	0.00924	0.00645	0.00325	0.00253	0.00078	0.00214	0.04144	0.02384	0.00410

[dist]
# distance from previous block
# <min> <max>
7	19

[block]
# block no. 1 follows, 120 sequences, length 16
# corresponding to MSA columns:
# 75-90
name=unknown_B
#
# <colnr> <probs for GDERKNQSTAVLIFYWHMCP>
#	G	D	E	R	K	N	Q	S	T	A	V	L	I	F	Y	W	H	M	C	P
0	0.05013	0.04981	0.01472	0.03448	0.01981	0.04098	0.00384	0.17729	0.12724	0.04824	0.01404	0.03984	0.00502	0.00274	0.00228	0.00063	0.01733	0.00214	0.01681	0.33263
1	0.06951	0.00399	0.00503	0.01820	0.02693	0.00365	0.03084	0.02859	0.03494	0.18366	0.07428	0.09020	0.07184	0.05765	0.01524	0.01116	0.01434	0.00297	0.00206	0.25492
2	0.04388	0.01623	0.10798	0.08614	0.04589	0.03028	0.04489	0.12291	0.05472	0.13852	0.02460	0.03506	0.04610	0.01734	0.05692	0.00717	0.02795	0.03317	0.00189	0.05835
3	0.01626	0.08903	0.41566	0.08088	0.09420	0.00593	0.08296	0.00794	0.04402	0.05435	0.01840	0.01613	0.00416	0.00277	0.01576	0.00082	0.01967	0.00214	0.00133	0.02760
4	0.00484	0.00462	0.00741	0.79976	0.06192	0.02880	0.00671	0.00644	0.00513	0.00653	0.02277	0.00717	0.02242	0.00261	0.00250	0.00082	0.00325	0.00231	0.00118	0.00281
5	0.12956	0.00480	0.02555	0.08606	0.02791	0.00479	0.05563	0.09744	0.05347	0.30932	0.03427	0.04867	0.03129	0.00356	0.01671	0.00086	0.02875	0.02054	0.01735	0.00346
6	0.03774	0.06452	0.16539	0.17949	0.08981	0.04809	0.06534	0.07524	0.02611	0.18936	0.00589	0.02375	0.00434	0.00269	0.00247	0.00077	0.01151	0.00225	0.00170	0.00353
7	0.00368	0.00264	0.00317	0.02009	0.00399	0.00245	0.00238	0.00438	0.00555	0.05457	0.13944	0.21628	0.39880	0.03396	0.03059	0.01032	0.02149	0.01956	0.02443	0.00224
8	0.02213	0.00236	0.00305	0.00345	0.00373	0.00224	0.00242	0.00387	0.00507	0.00690	0.11842	0.60170	0.05274	0.05947	0.00377	0.01370	0.00156	0.08908	0.00228	0.00206
9	0.01848	0.04900	0.08780	0.18945	0.05683	0.02949	0.03575	0.04619	0.02345	0.05396	0.01389	0.15885	0.02108	0.06362	0.06158	0.00115	0.04210	0.03387	0.01060	0.00285
10	0.03813	0.02084	0.04545	0.23114	0.27324	0.06485	0.06173	0.02439	0.04376	0.08117	0.00581	0.03316	0.00471	0.00275	0.00247	0.00078	0.00298	0.02517	0.03412	0.00336
11	0.00548	0.00307	0.00383	0.00357	0.00441	0.00287	0.00267	0.00653	0.06654	0.22844	0.08776	0.18019	0.17656	0.12518	0.01498	0.03270	0.00185	0.04830	0.00240	0.00267
12	0.10875	0.00431	0.00564	0.05906	0.02446	0.00427	0.01881	0.05632	0.01890	0.48521	0.04855	0.04997	0.02616	0.01279	0.03337	0.00093	0.03373	0.00272	0.00248	0.00358
13	0.03150	0.27440	0.14306	0.06384	0.04931	0.04553	0.08128	0.03392	0.03715	0.10952	0.00516	0.00612	0.00406	0.00275	0.00951	0.00075	0.05747	0.01953	0.00148	0.02368
14	0.03598	0.00382	0.06730	0.03563	0.04471	0.00326	0.02663	0.00569	0.01340	0.11660	0.04147	0.38222	0.10570	0.00622	0.05004	0.00107	0.01978	0.02621	0.01163	0.00265
15	0.00343	0.00247	0.00305	0.00329	0.00376	0.00227	0.00239	0.00406	0.00531	0.03043	0.09269	0.37367	0.26699	0.06802	0.02528	0.00112	0.00168	0.10567	0.00229	0.00214

[dist]
# distance from previous block
# <min> <max>
51	72

[block]
# block no. 2 follows, 120 sequences, length 10
# corresponding to MSA columns:
# 187-196
name=unknown_C
#
# <colnr> <probs for GDERKNQSTAVLIFYWHMCP>
#	G	D	E	R	K	N	Q	S	T	A	V	L	I	F	Y	W	H	M	C	P
0	0.84453	0.00482	0.00394	0.05042	0.00553	0.00561	0.00297	0.00751	0.04010	0.01090	0.00379	0.00440	0.00293	0.00237	0.00163	0.00078	0.00200	0.00145	0.00156	0.00275
1	0.00434	0.00292	0.00371	0.03947	0.00457	0.00270	0.00261	0.00548	0.02727	0.09160	0.50983	0.03987	0.14970	0.05485	0.00336	0.00087	0.00149	0.00417	0.00250	0.04870
2	0.02961	0.00296	0.00343	0.00322	0.00397	0.00289	0.00244	0.02175	0.07936	0.02966	0.42995	0.03119	0.20612	0.01619	0.00311	0.02509	0.01316	0.00409	0.08935	0.00247
3	0.19909	0.00419	0.00465	0.00403	0.00534	0.00432	0.00317	0.08893	0.11791	0.24992	0.11031	0.12476	0.02679	0.02793	0.01694	0.00091	0.00199	0.00318	0.00242	0.00324
4	0.06353	0.00389	0.01561	0.00399	0.00514	0.02277	0.04495	0.05756	0.00631	0.21504	0.17537	0.06424	0.18588	0.06680	0.00347	0.00091	0.02366	0.00365	0.03435	0.00288
5	0.00375	0.00324	0.00344	0.07935	0.00496	0.04219	0.00264	0.00480	0.05185	0.02300	0.06283	0.10624	0.56829	0.02848	0.00311	0.00088	0.00167	0.00476	0.00219	0.00232
6	0.07699	0.00471	0.00583	0.00475	0.00631	0.00476	0.07805	0.10041	0.23379	0.13869	0.08910	0.03862	0.06176	0.01889	0.00265	0.00078	0.00211	0.00290	0.01441	0.11449
7	0.00559	0.00440	0.00515	0.00388	0.00586	0.00358	0.00307	0.05303	0.04119	0.05803	0.00583	0.08207	0.00510	0.00254	0.00206	0.00048	0.00188	0.00210	0.00173	0.71245
8	0.00413	0.00249	0.00373	0.00354	0.00371	0.00253	0.04103	0.00370	0.00355	0.00480	0.00549	0.00985	0.00565	0.21854	0.12866	0.55042	0.00291	0.00260	0.00122	0.00143
9	0.00863	0.01115	0.04748	0.00625	0.00757	0.78557	0.00487	0.00939	0.00672	0.00615	0.00412	0.00498	0.00346	0.00392	0.07831	0.00093	0.00464	0.00171	0.00128	0.00287

[dist]
# distance from previous block
# <min> <max>
10	17

[block]
# block no. 3 follows, 120 sequences, length 6
# corresponding to MSA columns:
# 214-219
name=unknown_D
#
# <colnr> <probs for GDERKNQSTAVLIFYWHMCP>
#	G	D	E	R	K	N	Q	S	T	A	V	L	I	F	Y	W	H	M	C	P
0	0.80309	0.00510	0.00409	0.04707	0.00561	0.04630	0.00304	0.00761	0.00453	0.04972	0.00381	0.00439	0.00290	0.00237	0.00166	0.00077	0.00212	0.00145	0.00158	0.00278
1	0.00842	0.00963	0.00618	0.00557	0.00677	0.65593	0.00421	0.07962	0.00708	0.00749	0.00485	0.00555	0.00391	0.00267	0.00217	0.00064	0.00371	0.00180	0.18093	0.00289
2	0.02564	0.00473	0.00543	0.02778	0.00619	0.00510	0.00369	0.15276	0.29069	0.14555	0.12316	0.00929	0.00819	0.00338	0.00272	0.00077	0.04523	0.00271	0.08959	0.04742
3	0.00439	0.00298	0.00389	0.00355	0.00434	0.00282	0.02388	0.02680	0.03827	0.07724	0.55103	0.04761	0.09476	0.02306	0.02161	0.00091	0.00159	0.04193	0.02678	0.00257
4	0.00351	0.00259	0.00322	0.00318	0.00376	0.00241	0.00236	0.00459	0.03815	0.00860	0.52129	0.13040	0.18442	0.00582	0.00330	0.04509	0.00134	0.03120	0.00251	0.00226
5	0.00387	0.00278	0.00367	0.00372	0.00405	0.00291	0.00272	0.01984	0.00512	0.02553	0.16411	0.37190	0.06907	0.04414	0.04187	0.08620	0.09563	0.03292	0.01779	0.00216

[dist]
# distance from previous block
# <min> <max>
0	2

[block]
# block no. 4 follows, 120 sequences, length 8
# corresponding to MSA columns:
# 222-229
name=unknown_E
#
# <colnr> <probs for GDERKNQSTAVLIFYWHMCP>
#	G	D	E	R	K	N	Q	S	T	A	V	L	I	F	Y	W	H	M	C	P
0	0.03310	0.00432	0.00500	0.00377	0.00571	0.00354	0.00303	0.03180	0.01773	0.05049	0.00653	0.00745	0.06582	0.00251	0.00215	0.00049	0.02061	0.02785	0.02187	0.68624
1	0.00890	0.05469	0.05978	0.03826	0.00748	0.00580	0.00451	0.32229	0.05050	0.32028	0.00706	0.00681	0.00485	0.00287	0.00250	0.00073	0.01908	0.00223	0.00238	0.07900
2	0.03953	0.05549	0.43661	0.00596	0.00864	0.02427	0.02690	0.15226	0.05683	0.04031	0.00574	0.02900	0.01788	0.01663	0.00249	0.00077	0.00304	0.00215	0.00156	0.07393
3	0.03624	0.03577	0.13491	0.03687	0.06067	0.06522	0.17702	0.01600	0.05400	0.02196	0.04481	0.12336	0.06605	0.04734	0.02342	0.02171	0.00295	0.01760	0.00163	0.01249
4	0.05273	0.02628	0.00556	0.00464	0.00608	0.00532	0.00368	0.10509	0.42679	0.18264	0.09166	0.06269	0.00863	0.00362	0.00253	0.00081	0.00199	0.00300	0.00256	0.00369
5	0.02018	0.00492	0.07031	0.02113	0.00630	0.00384	0.00361	0.05636	0.04750	0.10925	0.08824	0.04045	0.00648	0.00272	0.00218	0.00057	0.00201	0.00224	0.01799	0.49373
6	0.04934	0.00326	0.00413	0.01983	0.01255	0.01501	0.02893	0.03771	0.01306	0.08366	0.10220	0.35987	0.07153	0.08066	0.00400	0.02714	0.02786	0.01623	0.01921	0.02382
7	0.02379	0.00556	0.05840	0.00473	0.00627	0.02581	0.00397	0.27007	0.23321	0.06108	0.11139	0.02447	0.06006	0.00358	0.00251	0.00078	0.00217	0.01495	0.06667	0.02055

[dist]
# distance from previous block
# <min> <max>
3	4

[block]
# block no. 5 follows, 120 sequences, length 7
# corresponding to MSA columns:
# 234-240
name=unknown_F
#
# <colnr> <probs for GDERKNQSTAVLIFYWHMCP>
#	G	D	E	R	K	N	Q	S	T	A	V	L	I	F	Y	W	H	M	C	P
0	0.00356	0.00256	0.00310	0.00330	0.00372	0.00245	0.00232	0.00445	0.05184	0.02187	0.09549	0.38852	0.16531	0.14856	0.02188	0.00122	0.00172	0.05088	0.02510	0.00215
1	0.08350	0.00402	0.01335	0.02396	0.02129	0.00380	0.01630	0.02442	0.06336	0.42758	0.08874	0.04213	0.05159	0.04224	0.01729	0.03051	0.00212	0.02588	0.01455	0.00337
2	0.01978	0.06448	0.33848	0.09933	0.15913	0.01916	0.07532	0.04042	0.00561	0.03770	0.03360	0.02570	0.00448	0.00289	0.01393	0.00083	0.05216	0.00225	0.00133	0.00344
3	0.00492	0.00315	0.02252	0.00367	0.02190	0.00276	0.00274	0.00596	0.04589	0.17059	0.06776	0.26321	0.25703	0.04170	0.00322	0.00092	0.00164	0.02120	0.05660	0.00263
4	0.00496	0.00288	0.00365	0.00347	0.00409	0.00280	0.00255	0.00562	0.01694	0.16077	0.11305	0.14110	0.10350	0.21382	0.04078	0.03694	0.03096	0.06121	0.04851	0.00239
5	0.01924	0.05119	0.19554	0.07237	0.07569	0.02573	0.04990	0.03308	0.01527	0.12446	0.07592	0.06459	0.03109	0.01678	0.01702	0.03624	0.05809	0.01395	0.00170	0.02213
6	0.00618	0.16496	0.35875	0.04599	0.11337	0.02217	0.06371	0.03749	0.00568	0.08618	0.00517	0.03656	0.00408	0.00259	0.00241	0.00074	0.01681	0.00213	0.00138	0.02367

[dist]
# distance from previous block
# <min> <max>
1	6

[block]
# block no. 6 follows, 120 sequences, length 6
# corresponding to MSA columns:
# 248-253
name=unknown_G
#
# <colnr> <probs for GDERKNQSTAVLIFYWHMCP>
#	G	D	E	R	K	N	Q	S	T	A	V	L	I	F	Y	W	H	M	C	P
0	0.05225	0.00309	0.04676	0.00336	0.00401	0.00262	0.00259	0.00454	0.00542	0.03147	0.24572	0.27337	0.14134	0.14059	0.00436	0.00111	0.00167	0.03127	0.00223	0.00223
1	0.00563	0.09590	0.06136	0.00411	0.00639	0.00446	0.00360	0.07242	0.00565	0.00845	0.00445	0.00512	0.00365	0.00199	0.00190	0.00044	0.00211	0.00154	0.00149	0.70933
2	0.00655	0.04600	0.08578	0.04404	0.14125	0.05697	0.07080	0.02696	0.03697	0.13764	0.02794	0.03127	0.00498	0.00255	0.00230	0.00065	0.00264	0.00220	0.00169	0.27079
3	0.47011	0.08260	0.04794	0.00485	0.03100	0.05529	0.06969	0.02702	0.07116	0.05504	0.00520	0.06104	0.00433	0.00277	0.00200	0.00077	0.00241	0.00207	0.00166	0.00305
4	0.00498	0.00308	0.00403	0.04827	0.00502	0.00294	0.00292	0.02724	0.03773	0.15359	0.45889	0.14070	0.06601	0.00503	0.00287	0.00083	0.00158	0.02899	0.00261	0.00272
5	0.00364	0.00241	0.00300	0.00315	0.00353	0.00228	0.00219	0.00428	0.00522	0.03331	0.18953	0.36917	0.08723	0.13945	0.04617	0.00125	0.00175	0.00509	0.09521	0.00213

[dist]
# distance from previous block
# <min> <max>
16	23

[block]
# block no. 7 follows, 120 sequences, length 9
# corresponding to MSA columns:
# 278-286
name=unknown_H
#
# <colnr> <probs for GDERKNQSTAVLIFYWHMCP>
#	G	D	E	R	K	N	Q	S	T	A	V	L	I	F	Y	W	H	M	C	P
0	0.00377	0.00299	0.00327	0.00310	0.00380	0.02643	0.00225	0.01903	0.03017	0.00795	0.32073	0.06922	0.28893	0.12931	0.00416	0.00101	0.00156	0.00439	0.02855	0.04938
1	0.04665	0.19265	0.02553	0.14138	0.10649	0.08856	0.04022	0.03589	0.00592	0.21178	0.00541	0.00602	0.00403	0.00261	0.00256	0.00073	0.05340	0.00201	0.00166	0.02650
2	0.14900	0.03396	0.00580	0.04593	0.14404	0.00455	0.01665	0.02659	0.01623	0.12878	0.03476	0.07809	0.03864	0.04496	0.03520	0.00104	0.05209	0.12179	0.01894	0.00297
3	0.00368	0.00259	0.00314	0.00314	0.00377	0.00235	0.00231	0.00458	0.02221	0.05161	0.32313	0.22279	0.28838	0.03125	0.00325	0.00091	0.00138	0.02475	0.00248	0.00230
4	0.03746	0.00631	0.00624	0.00517	0.00670	0.13267	0.01815	0.33565	0.13542	0.12258	0.04264	0.00892	0.04806	0.04245	0.00302	0.00085	0.01437	0.02749	0.00229	0.00358
5	0.00421	0.00283	0.00331	0.00325	0.00358	0.00290	0.00213	0.00515	0.09945	0.04874	0.00929	0.08890	0.03509	0.58653	0.06253	0.00206	0.00249	0.03373	0.00180	0.00203
6	0.00564	0.00498	0.00613	0.00526	0.00665	0.00549	0.09851	0.01104	0.63451	0.00988	0.11674	0.01108	0.06572	0.00364	0.00265	0.00084	0.00207	0.00319	0.00241	0.00357
7	0.83138	0.00476	0.00389	0.00340	0.00499	0.00538	0.00280	0.00784	0.00455	0.10645	0.00415	0.00452	0.00307	0.00240	0.00165	0.00077	0.00195	0.00147	0.00171	0.00286
8	0.12648	0.00686	0.05507	0.00590	0.05022	0.00709	0.00481	0.64905	0.00993	0.05203	0.00568	0.00581	0.00405	0.00284	0.00236	0.00075	0.00267	0.00212	0.00226	0.00400

[dist]
# distance from previous block
# <min> <max>
13	22

[block]
# block no. 8 follows, 120 sequences, length 10
# corresponding to MSA columns:
# 313-322
name=unknown_I
#
# <colnr> <probs for GDERKNQSTAVLIFYWHMCP>
#	G	D	E	R	K	N	Q	S	T	A	V	L	I	F	Y	W	H	M	C	P
0	0.01862	0.02682	0.01716	0.42805	0.24153	0.00546	0.01605	0.01532	0.03217	0.02193	0.01723	0.00669	0.01443	0.00249	0.00250	0.00075	0.01973	0.00219	0.00131	0.10959
1	0.00430	0.00310	0.00400	0.00372	0.00441	0.00307	0.02051	0.03526	0.03736	0.04874	0.35994	0.20977	0.07138	0.03249	0.01334	0.00092	0.05272	0.01356	0.04586	0.03554
2	0.02524	0.00475	0.00679	0.00559	0.01734	0.01330	0.17808	0.12319	0.14771	0.07757	0.08793	0.08339	0.12322	0.00429	0.01590	0.02007	0.02899	0.01582	0.01767	0.00315
3	0.02082	0.00300	0.00382	0.00385	0.00450	0.00290	0.00284	0.06267	0.02622	0.14627	0.05595	0.54306	0.01367	0.02588	0.00320	0.00098	0.00173	0.07359	0.00244	0.00260
4	0.00541	0.01147	0.73753	0.00663	0.00983	0.04151	0.00815	0.00790	0.00541	0.06388	0.00550	0.07574	0.00438	0.00284	0.00243	0.00080	0.00344	0.00228	0.00129	0.00356
5	0.08456	0.00310	0.00400	0.00400	0.00465	0.00313	0.05260	0.01812	0.07300	0.02625	0.01117	0.48677	0.01209	0.00583	0.00281	0.00092	0.00177	0.09112	0.11167	0.00244
6	0.69161	0.00549	0.05482	0.00385	0.00561	0.00567	0.00336	0.11032	0.00534	0.05213	0.00415	0.00459	0.00310	0.00241	0.00176	0.00075	0.00213	0.00154	0.00169	0.03968
7	0.72584	0.00470	0.00405	0.00350	0.00505	0.00525	0.00287	0.04349	0.00506	0.11597	0.06059	0.00557	0.00448	0.00261	0.00178	0.00077	0.00194	0.00172	0.00184	0.00292
8	0.00643	0.00657	0.00908	0.01225	0.60332	0.14551	0.04152	0.02502	0.00596	0.00787	0.03268	0.05734	0.00513	0.00275	0.00266	0.00076	0.02771	0.00250	0.00137	0.00357
9	0.04000	0.09216	0.00731	0.00565	0.00722	0.46554	0.00447	0.19551	0.04193	0.08948	0.00513	0.00540	0.00392	0.00269	0.00224	0.00068	0.00348	0.00185	0.02198	0.00335

[dist]
# distance from previous block
# <min> <max>
0	5

[block]
# block no. 9 follows, 120 sequences, length 8
# corresponding to MSA columns:
# 328-335
name=unknown_J
#
# <colnr> <probs for GDERKNQSTAVLIFYWHMCP>
#	G	D	E	R	K	N	Q	S	T	A	V	L	I	F	Y	W	H	M	C	P
0	0.02567	0.00450	0.00538	0.00419	0.00597	0.00411	0.00335	0.05598	0.11337	0.23805	0.03239	0.00749	0.00564	0.04012	0.02102	0.00075	0.03091	0.00216	0.00210	0.39686
1	0.03257	0.02552	0.00486	0.00428	0.00513	0.07918	0.02466	0.04182	0.06661	0.09198	0.08370	0.14376	0.12351	0.06678	0.01421	0.04362	0.06794	0.06485	0.01239	0.00264
2	0.04628	0.00273	0.00305	0.00296	0.00376	0.00247	0.00223	0.00457	0.00580	0.06169	0.19759	0.05978	0.49462	0.04317	0.03299	0.00101	0.00159	0.02906	0.00235	0.00229
3	0.00366	0.00258	0.00322	0.00309	0.00374	0.00234	0.00231	0.00463	0.00651	0.04077	0.57942	0.07459	0.21080	0.02762	0.00319	0.00086	0.00130	0.02444	0.00260	0.00232
4	0.00470	0.05179	0.04636	0.02154	0.00485	0.00393	0.00315	0.03689	0.08578	0.03999	0.00826	0.19063	0.00862	0.27416	0.03301	0.07311	0.07039	0.02314	0.01733	0.00236
5	0.04643	0.13189	0.19547	0.00613	0.09069	0.08295	0.02169	0.08442	0.00621	0.12360	0.00612	0.00648	0.04804	0.00260	0.00222	0.00067	0.00281	0.00202	0.00163	0.13795
6	0.04455	0.57469	0.02999	0.00493	0.02076	0.05065	0.04805	0.08446	0.02214	0.00729	0.01930	0.00603	0.00433	0.04432	0.00241	0.00071	0.00277	0.02809	0.00135	0.00318
7	0.04619	0.02563	0.00561	0.00440	0.00596	0.01809	0.00359	0.03566	0.07391	0.55201	0.05822	0.02235	0.00696	0.00390	0.03815	0.00091	0.04713	0.00260	0.04499	0.00373

[dist]
# distance from previous block
# <min> <max>
1	5

[block]
# block no. 10 follows, 120 sequences, length 7
# corresponding to MSA columns:
# 341-347
name=unknown_K
#
# <colnr> <probs for GDERKNQSTAVLIFYWHMCP>
#	G	D	E	R	K	N	Q	S	T	A	V	L	I	F	Y	W	H	M	C	P
0	0.00651	0.39193	0.18726	0.00595	0.06132	0.04936	0.05286	0.03098	0.03786	0.06569	0.03477	0.00605	0.00454	0.00264	0.00228	0.02094	0.00291	0.01549	0.00140	0.01927
1	0.01707	0.03735	0.06977	0.05533	0.14903	0.02545	0.09648	0.08577	0.02771	0.20612	0.04133	0.09770	0.01605	0.02054	0.01114	0.01999	0.01489	0.00293	0.00195	0.00342
2	0.00895	0.02190	0.00568	0.00449	0.00608	0.00374	0.03273	0.01027	0.05765	0.60413	0.07866	0.06585	0.00867	0.01876	0.00281	0.00084	0.00209	0.06017	0.00280	0.00372
3	0.03450	0.00341	0.03392	0.00359	0.00460	0.00295	0.00289	0.04019	0.00649	0.17497	0.32810	0.13735	0.16107	0.00505	0.00281	0.00083	0.00161	0.03324	0.01969	0.00275
4	0.00672	0.07718	0.17884	0.05980	0.06273	0.06149	0.07346	0.06966	0.07350	0.14184	0.02843	0.02368	0.01731	0.00309	0.01444	0.00079	0.01104	0.02267	0.00176	0.07157
5	0.21253	0.06564	0.04819	0.06732	0.01567	0.06424	0.04389	0.06964	0.02375	0.16906	0.04479	0.02972	0.02800	0.01235	0.01130	0.03487	0.00251	0.02293	0.03049	0.00311
6	0.03994	0.00357	0.00428	0.00379	0.00494	0.00344	0.01700	0.03584	0.11724	0.23310	0.10645	0.10054	0.23644	0.01585	0.00282	0.00085	0.00173	0.02682	0.04235	0.00301

[dist]
# distance from previous block
# <min> <max>
3	5

[block]
# block no. 11 follows, 120 sequences, length 19
# corresponding to MSA columns:
# 353-371
name=unknown_L
#
# <colnr> <probs for GDERKNQSTAVLIFYWHMCP>
#	G	D	E	R	K	N	Q	S	T	A	V	L	I	F	Y	W	H	M	C	P
0	0.00410	0.00282	0.00331	0.00324	0.00355	0.00291	0.00215	0.03332	0.07123	0.01521	0.05943	0.06698	0.02427	0.52777	0.07776	0.03915	0.00252	0.02972	0.02857	0.00198
1	0.17260	0.06921	0.01478	0.05563	0.02267	0.02454	0.03841	0.07121	0.01099	0.05627	0.03621	0.10276	0.05626	0.15473	0.03992	0.02422	0.00758	0.01456	0.02484	0.00262
2	0.05037	0.00755	0.00605	0.02744	0.00663	0.39322	0.00421	0.06365	0.03100	0.04970	0.00546	0.02887	0.01244	0.05921	0.09172	0.00117	0.12337	0.00222	0.03287	0.00284
3	0.01661	0.00553	0.00751	0.00599	0.02164	0.03375	0.14785	0.21081	0.10382	0.31398	0.01912	0.00898	0.00610	0.00319	0.00266	0.00081	0.00909	0.06289	0.01587	0.00381
4	0.89357	0.00486	0.00392	0.00375	0.04002	0.00560	0.00289	0.00734	0.00430	0.01106	0.00352	0.00413	0.00275	0.00231	0.00158	0.00077	0.00197	0.00138	0.00153	0.00275
5	0.00604	0.00727	0.10912	0.00986	0.01247	0.00612	0.75229	0.00817	0.00587	0.04963	0.00521	0.00665	0.00383	0.00218	0.00286	0.00083	0.00405	0.00280	0.00132	0.00344
6	0.01726	0.02712	0.00527	0.16213	0.06957	0.04455	0.00392	0.05034	0.07358	0.04714	0.21082	0.03168	0.12839	0.01233	0.02771	0.00089	0.00225	0.01562	0.06662	0.00283
7	0.00483	0.00243	0.00255	0.02455	0.00335	0.00244	0.00192	0.00600	0.00527	0.03396	0.00809	0.00920	0.00631	0.00290	0.00178	0.00059	0.00124	0.00233	0.87789	0.00239
8	0.00530	0.01146	0.00460	0.00424	0.00525	0.05250	0.00335	0.13067	0.19769	0.00909	0.08580	0.05119	0.17825	0.01207	0.02285	0.03460	0.00214	0.15110	0.03496	0.00287
9	0.07376	0.02285	0.00586	0.00455	0.00628	0.04259	0.00372	0.19359	0.04036	0.47301	0.02674	0.02113	0.02313	0.00315	0.00240	0.00075	0.00225	0.00247	0.04759	0.00384
10	0.16898	0.00437	0.00507	0.00427	0.00565	0.01578	0.04262	0.06636	0.12083	0.14559	0.08194	0.07408	0.04119	0.00414	0.03802	0.01026	0.01538	0.00815	0.04683	0.10050
11	0.05007	0.02321	0.07470	0.04566	0.03564	0.07910	0.03887	0.39127	0.12848	0.03393	0.00598	0.00624	0.00441	0.00277	0.00238	0.00074	0.00281	0.00217	0.01145	0.06011
12	0.02728	0.00427	0.00693	0.72430	0.04396	0.00519	0.00625	0.00635	0.02558	0.00685	0.05597	0.03651	0.00519	0.00320	0.02107	0.00090	0.00312	0.01300	0.00131	0.00277
13	0.00402	0.00267	0.00334	0.00337	0.00396	0.00251	0.00248	0.00481	0.02132	0.08173	0.17627	0.29152	0.21860	0.05398	0.02574	0.01922	0.01751	0.05388	0.01074	0.00231
14	0.00338	0.00253	0.00318	0.00332	0.00374	0.00251	0.00236	0.00421	0.03788	0.00667	0.11165	0.30208	0.18484	0.12890	0.18931	0.00175	0.00260	0.00492	0.00206	0.00212
15	0.00393	0.00262	0.00332	0.00314	0.00380	0.00238	0.00234	0.00494	0.00661	0.06664	0.62619	0.08332	0.13601	0.02624	0.00314	0.00084	0.00130	0.00461	0.01623	0.00240
16	0.00543	0.03057	0.09588	0.00683	0.00823	0.01487	0.22832	0.01625	0.01680	0.01569	0.05882	0.04699	0.00546	0.00345	0.00463	0.00087	0.33021	0.01193	0.00139	0.09738
17	0.06242	0.05457	0.32657	0.17500	0.09048	0.02868	0.06587	0.08060	0.00587	0.05223	0.00477	0.00576	0.00353	0.00245	0.00241	0.00077	0.01214	0.00202	0.00136	0.02251
18	0.11056	0.10681	0.07410	0.02524	0.04187	0.02467	0.05304	0.43642	0.00834	0.02866	0.00508	0.00553	0.00379	0.00267	0.00242	0.00073	0.02569	0.00201	0.00189	0.04048

[dist]
# distance from previous block
# <min> <max>
59	82

[block]
# block no. 12 follows, 120 sequences, length 6
# corresponding to MSA columns:
# 471-476
name=unknown_M
#
# <colnr> <probs for GDERKNQSTAVLIFYWHMCP>
#	G	D	E	R	K	N	Q	S	T	A	V	L	I	F	Y	W	H	M	C	P
0	0.00379	0.00274	0.00361	0.00360	0.00402	0.00281	0.00270	0.00446	0.00526	0.02614	0.24139	0.15985	0.11303	0.10020	0.10679	0.05487	0.06716	0.09335	0.00209	0.00216
1	0.04198	0.02002	0.18023	0.09483	0.07819	0.01756	0.10979	0.08754	0.07610	0.05336	0.00552	0.01960	0.00429	0.00328	0.03322	0.02435	0.02442	0.00223	0.00155	0.12193
2	0.00540	0.00421	0.00501	0.00371	0.00572	0.00323	0.00294	0.00646	0.00537	0.06907	0.04486	0.05346	0.00541	0.00239	0.00201	0.00045	0.00181	0.00198	0.00169	0.77483
3	0.06805	0.00478	0.00514	0.00459	0.00586	0.00539	0.00359	0.05245	0.56034	0.05004	0.09095	0.03656	0.02764	0.00395	0.02104	0.00089	0.02025	0.00298	0.03196	0.00353
4	0.00338	0.00262	0.00311	0.00313	0.00378	0.00240	0.00235	0.00449	0.04233	0.00814	0.35875	0.14840	0.34064	0.00597	0.00299	0.00086	0.00135	0.06053	0.00249	0.00228
5	0.00367	0.00273	0.00359	0.03492	0.05036	0.00268	0.00269	0.02668	0.00501	0.00668	0.08242	0.37886	0.09396	0.20687	0.02695	0.01916	0.00198	0.04664	0.00203	0.00213

[dist]
# distance from previous block
# <min> <max>
5	10

[block]
# block no. 13 follows, 120 sequences, length 13
# corresponding to MSA columns:
# 487-499
name=unknown_N
#
# <colnr> <probs for GDERKNQSTAVLIFYWHMCP>
#	G	D	E	R	K	N	Q	S	T	A	V	L	I	F	Y	W	H	M	C	P
0	0.01574	0.12597	0.00633	0.00475	0.00599	0.04367	0.01096	0.18192	0.00689	0.11456	0.02242	0.03266	0.02249	0.03361	0.00995	0.00095	0.03344	0.30658	0.01808	0.00305
1	0.01187	0.05463	0.09333	0.15628	0.08411	0.01562	0.04052	0.05145	0.08656	0.09442	0.04960	0.03154	0.01521	0.04883	0.01989	0.00087	0.01145	0.00248	0.00171	0.12962
2	0.00381	0.00276	0.00330	0.02827	0.00423	0.00258	0.00246	0.02525	0.03470	0.04949	0.16851	0.26342	0.35237	0.00625	0.02052	0.00093	0.00156	0.00515	0.02207	0.00236
3	0.01573	0.01576	0.00492	0.00421	0.00514	0.00343	0.05160	0.01303	0.00554	0.21998	0.11284	0.11162	0.05775	0.09050	0.06689	0.05279	0.05547	0.06019	0.02421	0.02840
4	0.00569	0.03842	0.01733	0.22327	0.15152	0.03142	0.22642	0.03594	0.05219	0.01370	0.00551	0.03309	0.00448	0.00289	0.01049	0.00899	0.05180	0.00253	0.08117	0.00317
5	0.00572	0.10965	0.51442	0.01471	0.01877	0.02439	0.04173	0.04756	0.12545	0.02398	0.01771	0.01753	0.01381	0.00268	0.00241	0.00077	0.01155	0.00213	0.00142	0.00360
6	0.00506	0.03835	0.82141	0.00682	0.01037	0.00576	0.00870	0.00779	0.00525	0.00785	0.00444	0.00522	0.00319	0.00233	0.00231	0.00076	0.00355	0.00181	0.00108	0.05797
7	0.00392	0.00299	0.00343	0.00330	0.00408	0.00288	0.00247	0.01864	0.10596	0.02088	0.19145	0.14755	0.30847	0.03103	0.03198	0.00097	0.01182	0.01328	0.05664	0.03826
8	0.00377	0.00258	0.00317	0.00300	0.00314	0.00257	0.03681	0.00393	0.00381	0.00522	0.00776	0.01552	0.00869	0.82272	0.01165	0.00225	0.00241	0.00352	0.05584	0.00163
9	0.76911	0.00464	0.00387	0.00342	0.00492	0.00523	0.00278	0.00772	0.02366	0.09622	0.02052	0.02215	0.00390	0.02092	0.00194	0.00081	0.00193	0.00170	0.00175	0.00283
10	0.00532	0.00452	0.00525	0.00376	0.00597	0.00348	0.00301	0.03688	0.00540	0.00838	0.00448	0.00520	0.00371	0.00189	0.00187	0.00038	0.00188	0.00150	0.00151	0.89562
11	0.00340	0.00248	0.00307	0.00302	0.00355	0.00227	0.00219	0.00429	0.00623	0.00856	0.55172	0.12372	0.17384	0.07959	0.00374	0.00095	0.00132	0.00483	0.01901	0.00220
12	0.01448	0.01879	0.00370	0.01420	0.00433	0.00271	0.01062	0.00517	0.03506	0.09749	0.15468	0.40652	0.12779	0.04225	0.00336	0.00097	0.00162	0.05148	0.00238	0.00242

[dist]
# distance from previous block
# <min> <max>
10	17

[block]
# block no. 14 follows, 120 sequences, length 17
# corresponding to MSA columns:
# 520-536
name=unknown_O
#
# <colnr> <probs for GDERKNQSTAVLIFYWHMCP>
#	G	D	E	R	K	N	Q	S	T	A	V	L	I	F	Y	W	H	M	C	P
0	0.00352	0.00262	0.00309	0.00325	0.02378	0.00232	0.00232	0.00423	0.00569	0.04526	0.13992	0.19648	0.48727	0.02625	0.01314	0.00094	0.00148	0.03383	0.00235	0.00225
1	0.02011	0.06127	0.20521	0.19797	0.06071	0.02124	0.10056	0.03614	0.05017	0.14986	0.02231	0.02705	0.00472	0.00276	0.00263	0.00079	0.02907	0.00236	0.00161	0.00344
2	0.00428	0.01589	0.04077	0.08009	0.07341	0.00333	0.02332	0.00511	0.00523	0.05075	0.04893	0.20685	0.19460	0.02554	0.03892	0.06618	0.01909	0.09335	0.00193	0.00246
3	0.03687	0.00450	0.02584	0.00471	0.03133	0.03766	0.01399	0.03378	0.00683	0.55449	0.10289	0.04985	0.00843	0.00359	0.00257	0.00079	0.00215	0.04514	0.03091	0.00366
4	0.00918	0.05457	0.00735	0.00632	0.00764	0.86016	0.00479	0.00983	0.00697	0.00609	0.00383	0.00447	0.00321	0.00255	0.00222	0.00064	0.00441	0.00159	0.00127	0.00290
5	0.05831	0.36168	0.05196	0.03383	0.02145	0.12155	0.03395	0.11603	0.05107	0.12067	0.00511	0.00541	0.00393	0.00251	0.00207	0.00067	0.00289	0.00182	0.00163	0.00345
6	0.01616	0.04087	0.00623	0.00499	0.00652	0.06982	0.00399	0.30874	0.31979	0.03251	0.07082	0.02959	0.00710	0.00330	0.00244	0.00076	0.00233	0.00263	0.04775	0.02367
7	0.02237	0.17106	0.16636	0.05233	0.06263	0.05160	0.06252	0.02616	0.02115	0.04071	0.02586	0.01520	0.04085	0.00310	0.02842	0.00077	0.02208	0.00800	0.00784	0.17103
8	0.02387	0.00309	0.01830	0.00398	0.00454	0.00328	0.02236	0.03860	0.00445	0.01841	0.02367	0.04212	0.00730	0.18483	0.57422	0.00314	0.00511	0.01497	0.00151	0.00225
9	0.75253	0.00470	0.00401	0.02146	0.00523	0.00529	0.00290	0.02684	0.00478	0.11106	0.00444	0.00484	0.00328	0.00244	0.00170	0.00076	0.00197	0.00155	0.03732	0.00289
10	0.00356	0.00295	0.00359	0.00393	0.00421	0.05592	0.02820	0.00407	0.00494	0.00641	0.01269	0.79770	0.01504	0.00725	0.00322	0.00099	0.01885	0.02217	0.00220	0.00213
11	0.09430	0.00526	0.00660	0.02478	0.04130	0.01675	0.06122	0.19395	0.11622	0.31673	0.03809	0.00793	0.02451	0.00313	0.00269	0.00798	0.02990	0.00250	0.00239	0.00376
12	0.19264	0.01647	0.00568	0.00447	0.00623	0.03949	0.00366	0.17448	0.04974	0.42939	0.02728	0.00721	0.00543	0.00294	0.00228	0.00076	0.00225	0.00223	0.02359	0.00377
13	0.27586	0.00468	0.00502	0.00423	0.00567	0.01254	0.00344	0.18200	0.03709	0.20825	0.04688	0.01639	0.00580	0.00521	0.12662	0.00122	0.01214	0.01528	0.02840	0.00329
14	0.00348	0.00252	0.00306	0.00303	0.00365	0.00226	0.00222	0.00432	0.00614	0.03475	0.41583	0.17672	0.30175	0.02502	0.00318	0.00088	0.00131	0.00512	0.00251	0.00225
15	0.00417	0.00289	0.01536	0.00350	0.00377	0.00294	0.01622	0.02320	0.02412	0.01217	0.04095	0.03764	0.02584	0.36654	0.09613	0.25574	0.04361	0.00312	0.02030	0.00178
16	0.09592	0.00568	0.00606	0.00527	0.02675	0.00638	0.00410	0.24921	0.49069	0.07047	0.00824	0.00777	0.00605	0.00313	0.00243	0.00080	0.00221	0.00249	0.00244	0.00392

[dist]
# distance from previous block
# <min> <max>
13	16

[block]
# block no. 15 follows, 120 sequences, length 6
# corresponding to MSA columns:
# 553-558
name=unknown_P
#
# <colnr> <probs for GDERKNQSTAVLIFYWHMCP>
#	G	D	E	R	K	N	Q	S	T	A	V	L	I	F	Y	W	H	M	C	P
0	0.03135	0.00400	0.00492	0.00409	0.00543	0.00392	0.00326	0.10227	0.08525	0.37302	0.17697	0.01099	0.00962	0.05553	0.03635	0.00098	0.00211	0.01843	0.06809	0.00342
1	0.77185	0.00482	0.00416	0.00398	0.04919	0.00546	0.00300	0.04014	0.00467	0.04284	0.00407	0.00498	0.00325	0.04650	0.00220	0.00085	0.00204	0.00158	0.00162	0.00282
2	0.06357	0.00577	0.03243	0.03639	0.05630	0.15877	0.07637	0.04140	0.12242	0.01708	0.03288	0.10065	0.06563	0.01373	0.01374	0.01660	0.01180	0.10943	0.02213	0.00291
3	0.00393	0.00276	0.00343	0.00331	0.00393	0.00264	0.00246	0.02945	0.03859	0.03312	0.48582	0.13964	0.10158	0.06505	0.01934	0.00099	0.00153	0.03145	0.02861	0.00239
4	0.12000	0.01427	0.01583	0.01427	0.02914	0.04746	0.02394	0.04071	0.02088	0.02484	0.01977	0.01797	0.06259	0.03452	0.17951	0.25464	0.05675	0.01918	0.00148	0.00227
5	0.00381	0.00278	0.00329	0.00317	0.00386	0.00262	0.00238	0.00468	0.02276	0.05439	0.25181	0.10052	0.40715	0.03172	0.00358	0.01769	0.04535	0.01886	0.01729	0.00231

[dist]
# distance from previous block
# <min> <max>
34	*

# created by:
# /home/oliver/Arbeit/Muster/bin/msa2prfl.pl --prefix_from_seqnames --blockscorefile=PF00171_seed.blocks.txt --max_entropy=0.75 PF00171_seed.txt
