[name]
GPCRSECRETIN
# Secretin-like GPCR superfamily signature

[dist]
# distance from previous block
# <min> <max>
40	189

[block]
# block no. 0 follows, 59 sequences, length 25
name=GPCRSECRETIN1
#
# <colnr> <probs for GDERKNQSTAVLIFYWHMCP>
#	G	D	E	R	K	N	Q	S	T	A	V	L	I	F	Y	W	H	M	C	P
0	0.00859	0.00588	0.00744	0.00674	0.00836	0.00579	0.02569	0.07412	0.04590	0.09809	0.17106	0.06742	0.21846	0.06195	0.13226	0.00251	0.00447	0.04655	0.00403	0.00469
1	0.06889	0.00469	0.00540	0.00563	0.00675	0.00439	0.00424	0.00755	0.01007	0.01384	0.21524	0.23388	0.29727	0.01092	0.00523	0.00159	0.00256	0.09375	0.00418	0.00391
2	0.01044	0.00840	0.00878	0.00805	0.00961	0.13541	0.00623	0.07589	0.04594	0.09966	0.01195	0.01572	0.01031	0.06998	0.45771	0.00466	0.00896	0.00445	0.00297	0.00487
3	0.00838	0.00690	0.00774	0.00741	0.00899	0.00764	0.00555	0.01512	0.41004	0.01461	0.02094	0.15941	0.10756	0.07639	0.12029	0.00254	0.00441	0.00683	0.00395	0.00529
4	0.00756	0.00523	0.00642	0.00617	0.00746	0.00504	0.00459	0.01057	0.11405	0.07517	0.39614	0.20081	0.12432	0.00964	0.00515	0.00150	0.00251	0.00846	0.00461	0.00461
5	0.80544	0.00816	0.00638	0.00584	0.00837	0.00940	0.00473	0.01243	0.00759	0.01912	0.00762	0.07481	0.00676	0.00489	0.00297	0.00140	0.00335	0.00322	0.00284	0.00469
6	0.00852	0.00731	0.01005	0.00902	0.00967	0.00933	0.00725	0.07329	0.00803	0.01173	0.00942	0.01439	0.00894	0.06846	0.38594	0.00438	0.34294	0.00442	0.00238	0.00452
7	0.06803	0.00951	0.01014	0.00810	0.01080	0.01031	0.00653	0.47849	0.01595	0.07805	0.01182	0.01334	0.00902	0.07322	0.00552	0.00151	0.00409	0.00414	0.17517	0.00628
8	0.00662	0.00500	0.00607	0.00622	0.00724	0.00486	0.00457	0.04243	0.07166	0.01458	0.25129	0.34273	0.15461	0.01099	0.00534	0.00160	0.00263	0.05297	0.00436	0.00423
9	0.01679	0.01237	0.01325	0.01016	0.01370	0.01370	0.00839	0.80251	0.02077	0.02783	0.01060	0.01060	0.00751	0.00530	0.00442	0.00133	0.00486	0.00398	0.00442	0.00751
10	0.00586	0.00419	0.00519	0.00565	0.00633	0.00382	0.00390	0.00686	0.00934	0.02928	0.14561	0.47671	0.19517	0.07256	0.00668	0.00184	0.00257	0.01058	0.00414	0.00372
11	0.10069	0.00620	0.00740	0.00644	0.00852	0.00586	0.00510	0.04656	0.01148	0.26883	0.21882	0.05198	0.14079	0.03781	0.00532	0.00154	0.00309	0.04797	0.02032	0.00528
12	0.01519	0.00855	0.01022	0.00840	0.01122	0.00869	0.00678	0.21951	0.14822	0.34381	0.05484	0.08349	0.01406	0.00665	0.00465	0.00144	0.00383	0.03881	0.00483	0.00680
13	0.00537	0.00388	0.00509	0.00605	0.00638	0.00360	0.00406	0.00616	0.00855	0.01131	0.02554	0.79480	0.07553	0.01368	0.00561	0.00178	0.00254	0.01237	0.00410	0.00360
14	0.00872	0.00583	0.00700	0.00661	0.00805	0.00582	0.00493	0.04959	0.14421	0.10009	0.24219	0.24618	0.08003	0.04002	0.00567	0.00162	0.00285	0.00809	0.02758	0.00491
15	0.00929	0.00578	0.00705	0.00643	0.00813	0.00555	0.00492	0.01265	0.13801	0.16736	0.32453	0.12386	0.15106	0.00878	0.00500	0.00147	0.00270	0.00759	0.00471	0.00511
16	0.06507	0.00832	0.01051	0.00810	0.01150	0.00778	0.00669	0.14091	0.01361	0.65595	0.01578	0.01393	0.01008	0.00537	0.00435	0.00136	0.00391	0.00426	0.00516	0.00737
17	0.00706	0.00528	0.00614	0.00611	0.00721	0.00516	0.00450	0.08395	0.03557	0.01384	0.12499	0.21750	0.23158	0.14173	0.00801	0.00202	0.00309	0.08815	0.00401	0.00409
18	0.12573	0.00554	0.00645	0.00605	0.00754	0.00539	0.00453	0.02442	0.02258	0.13958	0.20830	0.19757	0.11872	0.04944	0.00636	0.05288	0.00292	0.00738	0.00412	0.00449
19	0.00531	0.00433	0.00470	0.00492	0.00610	0.00372	0.00357	0.00639	0.00980	0.01205	0.07683	0.23229	0.59121	0.01171	0.00532	0.00156	0.00231	0.01003	0.00414	0.00372
20	0.00592	0.00412	0.00492	0.00534	0.00554	0.00396	0.00330	0.00631	0.00750	0.00990	0.02023	0.36236	0.07468	0.44936	0.01444	0.00308	0.00344	0.00912	0.00335	0.00312
21	0.06129	0.00605	0.00702	0.00686	0.02363	0.00622	0.00501	0.13135	0.03189	0.04907	0.11576	0.26938	0.02007	0.04668	0.00568	0.01915	0.00309	0.03127	0.15584	0.00468
22	0.06826	0.00579	0.00758	0.10952	0.01065	0.00612	0.00584	0.03625	0.00931	0.11618	0.04011	0.12396	0.09511	0.05878	0.20922	0.00302	0.00562	0.02854	0.05556	0.00458
23	0.00643	0.00439	0.00515	0.00534	0.00552	0.00436	0.00324	0.02926	0.00740	0.00988	0.01673	0.25542	0.01948	0.58856	0.01726	0.00350	0.00382	0.00807	0.00312	0.00307
24	0.00929	0.07648	0.01494	0.59561	0.17915	0.01064	0.01205	0.02828	0.00932	0.01216	0.00786	0.01121	0.00612	0.00429	0.00428	0.00140	0.00565	0.00380	0.00205	0.00542

[dist]
# distance from previous block
# <min> <max>
7	36

[block]
# block no. 1 follows, 59 sequences, length 25
name=GPCRSECRETIN2
#
# <colnr> <probs for GDERKNQSTAVLIFYWHMCP>
#	G	D	E	R	K	N	Q	S	T	A	V	L	I	F	Y	W	H	M	C	P
0	0.00869	0.00665	0.00799	0.00738	0.00898	0.00734	0.00571	0.07910	0.22282	0.03706	0.07209	0.02089	0.10274	0.05761	0.33022	0.00382	0.00671	0.00554	0.00357	0.00509
1	0.00528	0.00436	0.00463	0.00481	0.00606	0.00371	0.00351	0.00636	0.00984	0.01197	0.06170	0.18643	0.65291	0.01161	0.00529	0.00154	0.00229	0.00987	0.00412	0.00371
2	0.00966	0.00966	0.01353	0.01160	0.01160	0.01353	0.00966	0.01063	0.00676	0.01063	0.00580	0.00966	0.00580	0.00773	0.01449	0.00193	0.83670	0.00387	0.00193	0.00483
3	0.03673	0.00712	0.01009	0.01254	0.22246	0.00733	0.00780	0.02570	0.12505	0.03602	0.01562	0.08494	0.03994	0.00920	0.00716	0.15726	0.00407	0.18272	0.00325	0.00501
4	0.01488	0.01844	0.01372	0.01196	0.01402	0.62793	0.06896	0.01619	0.01139	0.01103	0.00681	0.00855	0.00578	0.00502	0.00585	0.00130	0.14761	0.00320	0.00221	0.00514
5	0.00565	0.00404	0.00543	0.00641	0.00680	0.00382	0.00453	0.00664	0.00882	0.01174	0.04708	0.70602	0.02903	0.01347	0.00569	0.00182	0.00276	0.12247	0.00412	0.00367
6	0.00739	0.00466	0.00541	0.00530	0.00594	0.00444	0.00350	0.00791	0.00792	0.07790	0.02054	0.03197	0.15947	0.55327	0.01646	0.00334	0.00385	0.07404	0.00329	0.00339
7	0.01085	0.00703	0.00828	0.00747	0.00936	0.00727	0.00570	0.09469	0.22624	0.16233	0.11760	0.20922	0.03727	0.05672	0.00591	0.00168	0.00332	0.01891	0.00450	0.00564
8	0.01519	0.01044	0.01151	0.00932	0.01245	0.01141	0.00754	0.37543	0.30972	0.16659	0.01454	0.01356	0.01032	0.00559	0.00445	0.00140	0.00416	0.00443	0.00463	0.00732
9	0.00640	0.00438	0.00529	0.00529	0.00546	0.00454	0.00327	0.00673	0.00656	0.00892	0.01348	0.02649	0.01501	0.67543	0.19040	0.00487	0.00586	0.00607	0.00261	0.00294
10	0.00585	0.00461	0.00535	0.00549	0.00678	0.00411	0.00433	0.00738	0.01063	0.01350	0.21256	0.04192	0.47592	0.01092	0.00540	0.00158	0.00259	0.17293	0.00426	0.00390
11	0.00577	0.00391	0.00499	0.00583	0.00614	0.00370	0.00387	0.00660	0.00837	0.01159	0.02243	0.68742	0.02624	0.08288	0.00679	0.00192	0.00265	0.01116	0.09417	0.00357
12	0.01090	0.01141	0.01376	0.49817	0.13972	0.19539	0.01145	0.04447	0.01032	0.01229	0.00779	0.01074	0.00607	0.00441	0.00431	0.00137	0.00623	0.00368	0.00216	0.00536
13	0.01718	0.04953	0.01134	0.00863	0.01160	0.15494	0.00693	0.16003	0.01339	0.42659	0.01348	0.01377	0.00956	0.07585	0.00580	0.00154	0.00480	0.00414	0.00431	0.00659
14	0.09411	0.00721	0.00821	0.00732	0.00950	0.00684	0.00569	0.06070	0.04959	0.22673	0.13683	0.07312	0.19538	0.00873	0.00516	0.00166	0.00348	0.05466	0.03918	0.00590
15	0.01307	0.00838	0.00963	0.00802	0.01062	0.00866	0.00648	0.25820	0.13827	0.19248	0.13234	0.02179	0.11404	0.00709	0.00474	0.00143	0.00365	0.05015	0.00466	0.00630
16	0.00687	0.00506	0.00586	0.00575	0.00669	0.02927	0.00415	0.00810	0.05580	0.01281	0.25993	0.09670	0.23371	0.01137	0.00836	0.23208	0.00289	0.00730	0.00372	0.00360
17	0.00706	0.00453	0.00523	0.00520	0.00592	0.00421	0.00341	0.00763	0.00825	0.07823	0.02411	0.16247	0.23076	0.41799	0.01365	0.00289	0.00342	0.00802	0.00352	0.00351
18	0.00607	0.00477	0.00546	0.00545	0.00666	0.00439	0.00402	0.02508	0.04885	0.01409	0.25598	0.19725	0.38437	0.01073	0.00525	0.00152	0.00238	0.00927	0.00434	0.00406
19	0.00950	0.00863	0.01235	0.07219	0.28627	0.04143	0.00926	0.04746	0.00967	0.01326	0.07464	0.08464	0.05979	0.00750	0.00752	0.07475	0.15455	0.01863	0.00272	0.00523
20	0.01045	0.40277	0.01799	0.00936	0.01236	0.01223	0.14871	0.01308	0.07666	0.04953	0.01217	0.19282	0.01194	0.00625	0.00409	0.00130	0.00459	0.00543	0.00282	0.00546
21	0.04243	0.01567	0.00808	0.07180	0.01019	0.00602	0.02058	0.02795	0.05672	0.17263	0.18533	0.17453	0.08798	0.00898	0.00577	0.06219	0.00332	0.03085	0.00412	0.00489
22	0.00940	0.00730	0.08881	0.00706	0.00916	0.00575	0.00604	0.01241	0.08723	0.17387	0.30582	0.16290	0.08911	0.00854	0.00496	0.00147	0.00309	0.00741	0.00446	0.00520
23	0.00729	0.07610	0.01052	0.00832	0.00990	0.00629	0.14031	0.00899	0.00991	0.02731	0.18902	0.37423	0.05641	0.00992	0.00522	0.00158	0.00355	0.04695	0.00378	0.00439
24	0.00992	0.00878	0.04752	0.03224	0.05741	0.05397	0.02091	0.07428	0.07738	0.06069	0.10963	0.01749	0.01367	0.13823	0.11820	0.00259	0.08362	0.00487	0.00316	0.06546

[dist]
# distance from previous block
# <min> <max>
9	51

[block]
# block no. 2 follows, 59 sequences, length 24
name=GPCRSECRETIN3
#
# <colnr> <probs for GDERKNQSTAVLIFYWHMCP>
#	G	D	E	R	K	N	Q	S	T	A	V	L	I	F	Y	W	H	M	C	P
0	0.00926	0.00530	0.00664	0.00616	0.00768	0.00494	0.00466	0.01159	0.06438	0.18255	0.29753	0.19131	0.10654	0.00898	0.00493	0.00146	0.00264	0.00781	0.07076	0.00489
1	0.01150	0.00672	0.00812	0.00695	0.00905	0.00647	0.00545	0.16568	0.01324	0.22306	0.23288	0.13186	0.14382	0.00836	0.00492	0.00144	0.00314	0.00711	0.00471	0.00553
2	0.00832	0.00674	0.00935	0.00837	0.00986	0.00716	0.07650	0.01226	0.17252	0.04107	0.23819	0.12939	0.04268	0.04323	0.00679	0.00172	0.08229	0.09466	0.00400	0.00491
3	0.00959	0.00576	0.00705	0.00638	0.00789	0.00562	0.00475	0.01249	0.13848	0.16693	0.24959	0.05901	0.10126	0.11948	0.00832	0.07866	0.00311	0.00658	0.00426	0.00479
4	0.00776	0.00483	0.00570	0.00553	0.00643	0.00456	0.00380	0.00890	0.03305	0.10147	0.08545	0.12178	0.17186	0.36136	0.01241	0.00269	0.00339	0.03418	0.02102	0.00385
5	0.00842	0.00646	0.00797	0.00739	0.00824	0.00729	0.00560	0.10296	0.05047	0.01328	0.08454	0.03841	0.01671	0.31134	0.08210	0.00308	0.12730	0.11097	0.00324	0.00423
6	0.01020	0.01136	0.01620	0.01283	0.01519	0.15854	0.31518	0.01227	0.00982	0.01226	0.01394	0.10267	0.10780	0.00667	0.00690	0.00155	0.17317	0.00579	0.00261	0.00505
7	0.00629	0.00466	0.00680	0.00684	0.00753	0.00533	0.00519	0.00768	0.00708	0.01012	0.01248	0.04816	0.01219	0.11198	0.71883	0.00663	0.01076	0.00518	0.00246	0.00381
8	0.05778	0.00492	0.00557	0.00539	0.00636	0.00486	0.00385	0.01000	0.00851	0.10837	0.01533	0.05491	0.01476	0.33358	0.01117	0.00248	0.00341	0.07944	0.26533	0.00397
9	0.00781	0.00694	0.00741	0.00720	0.00843	0.07837	0.00559	0.01063	0.10514	0.01406	0.23235	0.11331	0.16005	0.01071	0.04836	0.00186	0.06276	0.11061	0.00394	0.00447
10	0.08672	0.00597	0.00735	0.00692	0.00864	0.00585	0.00561	0.04950	0.02622	0.15486	0.27325	0.07326	0.05774	0.00891	0.00506	0.00158	0.00320	0.20997	0.00447	0.00494
11	0.01398	0.00825	0.00949	0.00797	0.01069	0.00859	0.00635	0.07198	0.35972	0.29275	0.01658	0.01542	0.01176	0.00559	0.00426	0.00136	0.00348	0.00456	0.11926	0.02795
12	0.01653	0.02007	0.01260	0.01124	0.01366	0.73556	0.00852	0.10593	0.01344	0.01272	0.00725	0.00826	0.00589	0.00464	0.00403	0.00116	0.00762	0.00297	0.00252	0.00539
13	0.00635	0.00453	0.00606	0.00603	0.00652	0.00489	0.00424	0.00733	0.00730	0.01022	0.08361	0.02346	0.01580	0.36346	0.42502	0.00544	0.00788	0.00571	0.00271	0.00344
14	0.00849	0.00582	0.00686	0.00643	0.00739	0.00617	0.00463	0.11160	0.05021	0.03346	0.01430	0.02476	0.01441	0.41535	0.15016	0.00377	0.00541	0.07455	0.05216	0.00406
15	0.00767	0.00384	0.00575	0.00575	0.00575	0.00384	0.00384	0.00575	0.00575	0.00767	0.00767	0.01343	0.00767	0.01534	0.01726	0.87150	0.00384	0.00384	0.00192	0.00192
16	0.00609	0.00443	0.00589	0.00681	0.00751	0.00423	0.00529	0.00743	0.00934	0.01216	0.02604	0.42737	0.10838	0.01288	0.00579	0.00186	0.00316	0.33745	0.00409	0.00380
17	0.00564	0.00395	0.00505	0.00582	0.00602	0.00376	0.00375	0.00622	0.00796	0.01061	0.02179	0.64294	0.02599	0.21719	0.00976	0.00240	0.00298	0.01105	0.00375	0.00336
18	0.08257	0.00516	0.00601	0.00549	0.00703	0.00486	0.00423	0.01025	0.01129	0.11199	0.42635	0.02793	0.15006	0.00800	0.00463	0.00135	0.00242	0.00678	0.11907	0.00454
19	0.00886	0.02285	0.82190	0.01259	0.01912	0.01026	0.01632	0.01399	0.00932	0.01399	0.00793	0.00932	0.00559	0.00420	0.00420	0.00140	0.00653	0.00326	0.00186	0.00653
20	0.77447	0.00842	0.00694	0.00605	0.00887	0.00950	0.00499	0.01400	0.00812	0.11472	0.00749	0.00811	0.00551	0.00426	0.00294	0.00137	0.00346	0.00263	0.00306	0.00511
21	0.00733	0.00447	0.00555	0.00562	0.00663	0.00410	0.00408	0.00879	0.01023	0.08537	0.23606	0.32513	0.11992	0.01009	0.00495	0.00149	0.00242	0.00887	0.14472	0.00419
22	0.00632	0.00469	0.00690	0.00690	0.00762	0.00541	0.00527	0.00776	0.00704	0.01010	0.01201	0.01837	0.01148	0.10481	0.75620	0.00685	0.01116	0.00488	0.00239	0.00383
23	0.00538	0.00384	0.00512	0.00615	0.00641	0.00359	0.00410	0.00615	0.00846	0.01127	0.02434	0.84190	0.02921	0.01384	0.00564	0.00179	0.00256	0.01256	0.00410	0.00359

[dist]
# distance from previous block
# <min> <max>
13	15

[block]
# block no. 3 follows, 59 sequences, length 26
name=GPCRSECRETIN4
#
# <colnr> <probs for GDERKNQSTAVLIFYWHMCP>
#	G	D	E	R	K	N	Q	S	T	A	V	L	I	F	Y	W	H	M	C	P
0	0.00683	0.00509	0.00705	0.00887	0.13404	0.00499	0.00497	0.00742	0.00769	0.01041	0.01641	0.31520	0.01887	0.37102	0.01333	0.04923	0.00380	0.00808	0.00307	0.00364
1	0.00887	0.00645	0.01007	0.11805	0.05885	0.00682	0.07783	0.08631	0.00889	0.01209	0.01030	0.05712	0.00962	0.01186	0.06990	0.35853	0.00507	0.04101	0.03842	0.00394
2	0.17071	0.00513	0.00611	0.00609	0.00709	0.00524	0.00449	0.00879	0.00799	0.06707	0.05070	0.19143	0.03921	0.01161	0.02123	0.30234	0.00345	0.06226	0.02547	0.00359
3	0.00627	0.00453	0.00624	0.00632	0.00682	0.00499	0.00453	0.00730	0.00699	0.00981	0.01343	0.08350	0.01398	0.28336	0.51537	0.00582	0.00879	0.00585	0.00259	0.00352
4	0.00653	0.00517	0.00625	0.00632	0.00738	0.00527	0.00466	0.00944	0.12775	0.01346	0.16255	0.27699	0.20644	0.01350	0.10751	0.00227	0.02142	0.00875	0.00403	0.00429
5	0.03500	0.00501	0.00587	0.00588	0.00689	0.00486	0.00416	0.04242	0.03295	0.07133	0.08057	0.33769	0.12381	0.14055	0.00770	0.00198	0.00295	0.00864	0.07762	0.00414
6	0.00665	0.00453	0.00510	0.00515	0.00634	0.00398	0.00371	0.00771	0.00960	0.07321	0.05165	0.21920	0.44720	0.08166	0.00660	0.00176	0.00259	0.00913	0.05030	0.00393
7	0.87598	0.00854	0.00649	0.00581	0.00854	0.00991	0.00478	0.01298	0.00752	0.01982	0.00615	0.00717	0.00478	0.00410	0.00273	0.00137	0.00342	0.00239	0.00273	0.00478
8	0.00767	0.00384	0.00575	0.00575	0.00575	0.00384	0.00384	0.00575	0.00575	0.00767	0.00767	0.01343	0.00767	0.01534	0.01726	0.87150	0.00384	0.00384	0.00192	0.00192
9	0.77822	0.00804	0.00622	0.00562	0.00816	0.00926	0.00459	0.01268	0.00771	0.01944	0.00708	0.00822	0.00552	0.00422	0.00277	0.00133	0.00326	0.00259	0.10036	0.00471
10	0.03129	0.00571	0.00663	0.00615	0.00755	0.00559	0.00452	0.06761	0.06903	0.09643	0.19679	0.15540	0.16541	0.15248	0.00799	0.00197	0.00307	0.00766	0.00418	0.00455
11	0.00916	0.00785	0.00916	0.00654	0.01047	0.00589	0.00523	0.01112	0.00916	0.01439	0.00785	0.00916	0.00654	0.00327	0.00327	0.00065	0.00327	0.00262	0.00262	0.87178
12	0.03729	0.00671	0.00789	0.00703	0.00882	0.00678	0.00531	0.11572	0.10219	0.19405	0.06436	0.18565	0.04263	0.14771	0.00770	0.00196	0.00352	0.02031	0.02907	0.00530
13	0.00680	0.00515	0.00631	0.00594	0.00741	0.00458	0.00443	0.00885	0.04275	0.02753	0.34057	0.21342	0.13514	0.00940	0.00498	0.00140	0.00253	0.02712	0.00421	0.14148
14	0.00688	0.00483	0.00535	0.00495	0.00605	0.00438	0.00336	0.00787	0.00845	0.01205	0.08178	0.02689	0.16656	0.36277	0.01192	0.00247	0.00321	0.00616	0.14446	0.12962
15	0.00746	0.00558	0.00644	0.00601	0.00756	0.00544	0.00457	0.01120	0.16451	0.05334	0.37375	0.05213	0.26692	0.00905	0.00505	0.00145	0.00249	0.00776	0.00457	0.00472
16	0.11962	0.00674	0.00737	0.00670	0.00870	0.00698	0.00529	0.03018	0.20167	0.11115	0.19256	0.02515	0.15338	0.00758	0.00458	0.00145	0.00300	0.05796	0.04465	0.00530
17	0.01159	0.00667	0.00810	0.00678	0.00924	0.00610	0.00535	0.03362	0.10907	0.27337	0.17332	0.05194	0.16146	0.00725	0.00463	0.00133	0.00306	0.00610	0.00455	0.11648
18	0.00796	0.00468	0.00688	0.00660	0.00660	0.00525	0.00468	0.00646	0.00590	0.00810	0.00740	0.01288	0.00740	0.01424	0.01686	0.74504	0.12496	0.00384	0.00192	0.00234
19	0.05152	0.00699	0.00888	0.00725	0.00989	0.00653	0.00583	0.03803	0.07852	0.47013	0.22814	0.02002	0.03564	0.00651	0.00459	0.00138	0.00328	0.00543	0.00505	0.00639
20	0.07805	0.00544	0.00589	0.00558	0.00716	0.00516	0.00425	0.04594	0.03276	0.05586	0.18702	0.09665	0.39650	0.03159	0.00542	0.00156	0.00266	0.02401	0.00420	0.00433
21	0.13327	0.00668	0.00741	0.00664	0.00860	0.00692	0.00517	0.03722	0.17183	0.13752	0.24226	0.08047	0.04479	0.00713	0.00441	0.00140	0.00293	0.00596	0.08402	0.00536
22	0.00939	0.00895	0.01503	0.48539	0.32662	0.01027	0.01261	0.01211	0.00918	0.01244	0.00791	0.01134	0.00630	0.00441	0.00494	0.00144	0.05001	0.00393	0.00205	0.00569
23	0.01019	0.00644	0.00924	0.00812	0.00969	0.00658	0.06799	0.04816	0.00994	0.18830	0.01825	0.29557	0.05832	0.01098	0.07442	0.00204	0.09551	0.00742	0.06782	0.00502
24	0.00808	0.00580	0.00745	0.00714	0.00813	0.00635	0.00534	0.05442	0.08264	0.05783	0.05808	0.21151	0.03136	0.12531	0.25122	0.00359	0.06094	0.00694	0.00343	0.00444
25	0.03228	0.00449	0.00582	0.00603	0.00658	0.00472	0.00423	0.00716	0.00757	0.01063	0.04046	0.21753	0.06037	0.24675	0.32052	0.00443	0.00653	0.00732	0.00304	0.00353

[dist]
# distance from previous block
# <min> <max>
13	29

[block]
# block no. 4 follows, 59 sequences, length 26
name=GPCRSECRETIN5
#
# <colnr> <probs for GDERKNQSTAVLIFYWHMCP>
#	G	D	E	R	K	N	Q	S	T	A	V	L	I	F	Y	W	H	M	C	P
0	0.00713	0.00405	0.00599	0.00608	0.00629	0.00421	0.00423	0.00629	0.00632	0.00861	0.01025	0.08942	0.01055	0.03526	0.20288	0.57721	0.00557	0.00488	0.00223	0.00255
1	0.00537	0.00448	0.00469	0.00464	0.00606	0.00379	0.00348	0.00664	0.01043	0.01280	0.16023	0.04108	0.69942	0.01086	0.00522	0.00148	0.00221	0.00912	0.00422	0.00379
2	0.00579	0.00484	0.00575	0.00574	0.00681	0.00480	0.00434	0.00693	0.00905	0.01143	0.03291	0.14325	0.49833	0.01532	0.15760	0.00260	0.06858	0.00849	0.00361	0.00383
3	0.01142	0.01051	0.01831	0.27208	0.23281	0.01111	0.21463	0.01389	0.01027	0.05856	0.00966	0.01301	0.00770	0.00522	0.00608	0.00167	0.08935	0.00463	0.00266	0.00643
4	0.45911	0.00808	0.00766	0.00702	0.00934	0.00852	0.00546	0.01383	0.06688	0.11209	0.06094	0.09161	0.06790	0.02968	0.00477	0.00172	0.00366	0.03227	0.00393	0.00553
5	0.00924	0.00794	0.00930	0.02561	0.01098	0.00626	0.00549	0.01181	0.05338	0.01455	0.00841	0.00962	0.00691	0.00345	0.00336	0.00072	0.00334	0.00278	0.00271	0.80414
6	0.00646	0.00470	0.00552	0.00541	0.00678	0.00416	0.00420	0.00803	0.01103	0.05131	0.30437	0.03880	0.42566	0.01030	0.00528	0.00151	0.00246	0.09552	0.00442	0.00409
7	0.05409	0.00467	0.00546	0.00584	0.00675	0.00450	0.00423	0.00790	0.04086	0.01313	0.12435	0.36348	0.19002	0.05774	0.00619	0.00178	0.00272	0.07146	0.03093	0.00389
8	0.06048	0.00581	0.00700	0.00656	0.00809	0.00562	0.00489	0.05494	0.04519	0.18555	0.10781	0.29223	0.08656	0.08492	0.00654	0.00180	0.00314	0.02372	0.00430	0.00486
9	0.05531	0.00883	0.01033	0.00821	0.01116	0.00899	0.00669	0.29289	0.05655	0.31856	0.15879	0.01644	0.01514	0.00602	0.00450	0.00136	0.00381	0.00485	0.00481	0.00676
10	0.00537	0.00419	0.00488	0.00531	0.00621	0.00370	0.00375	0.00641	0.00953	0.01208	0.09475	0.40181	0.40186	0.01221	0.00541	0.00162	0.00237	0.01068	0.00416	0.00370
11	0.16051	0.00522	0.00596	0.00608	0.00734	0.00515	0.00455	0.00914	0.00957	0.07660	0.15003	0.35484	0.11188	0.01029	0.00495	0.00160	0.00280	0.06516	0.00408	0.00425
12	0.00640	0.00458	0.00559	0.00556	0.00674	0.00411	0.00420	0.00797	0.01101	0.04627	0.36717	0.14025	0.29452	0.01046	0.00530	0.00152	0.00241	0.06738	0.00448	0.00407
13	0.01650	0.02105	0.01252	0.01138	0.01365	0.82705	0.00853	0.01764	0.01252	0.01081	0.00683	0.00796	0.00569	0.00455	0.00398	0.00114	0.00796	0.00284	0.00228	0.00512
14	0.00620	0.00422	0.00485	0.00502	0.00512	0.00415	0.00294	0.00637	0.00690	0.00914	0.01684	0.16252	0.04973	0.67590	0.01904	0.00376	0.00392	0.00754	0.00297	0.00287
15	0.05114	0.00467	0.00524	0.00518	0.00619	0.00435	0.00363	0.00761	0.00944	0.04069	0.18890	0.13577	0.29545	0.21159	0.00928	0.00217	0.00285	0.00823	0.00389	0.00373
16	0.00579	0.00418	0.00488	0.00523	0.00569	0.00391	0.00337	0.00638	0.00816	0.01059	0.05306	0.31294	0.20186	0.33986	0.01215	0.00269	0.00315	0.00925	0.00357	0.00328
17	0.00602	0.00411	0.00493	0.00533	0.00542	0.00402	0.00322	0.00632	0.00720	0.00960	0.01790	0.33961	0.02108	0.52721	0.01604	0.00333	0.00362	0.00877	0.00322	0.00302
18	0.00559	0.00427	0.00487	0.00512	0.00595	0.00384	0.00353	0.00652	0.00922	0.01176	0.11664	0.26362	0.36635	0.16248	0.00846	0.00207	0.00268	0.00956	0.00393	0.00355
19	0.07566	0.01421	0.01169	0.21584	0.01680	0.39349	0.00890	0.07868	0.01147	0.01334	0.00855	0.01180	0.00716	0.00509	0.00442	0.00132	0.03025	0.04664	0.03958	0.00513
20	0.00555	0.00465	0.00485	0.00477	0.00624	0.00404	0.00359	0.00719	0.03819	0.01291	0.14371	0.04037	0.68718	0.01073	0.00519	0.00148	0.00226	0.00900	0.00421	0.00390
21	0.00581	0.00447	0.00533	0.00537	0.00652	0.00400	0.00406	0.00736	0.01091	0.01434	0.35761	0.11973	0.35705	0.01064	0.00533	0.00152	0.00235	0.06928	0.00441	0.00392
22	0.06224	0.00699	0.01090	0.45017	0.02026	0.00811	0.05290	0.01053	0.00896	0.01286	0.07833	0.01524	0.04460	0.00605	0.00554	0.06870	0.02468	0.00449	0.10394	0.00452
23	0.00551	0.00443	0.00491	0.00490	0.00617	0.00384	0.00363	0.00686	0.01059	0.01344	0.25063	0.10367	0.54428	0.01082	0.00525	0.00149	0.00222	0.00922	0.00431	0.00384
24	0.00546	0.00390	0.00520	0.00610	0.00642	0.00364	0.00411	0.00635	0.00882	0.01186	0.09572	0.76887	0.03034	0.01340	0.00560	0.00176	0.00252	0.01214	0.00417	0.00364
25	0.00751	0.00495	0.00642	0.02256	0.00790	0.00463	0.00496	0.00944	0.02410	0.08920	0.37031	0.13357	0.14488	0.01000	0.00532	0.00156	0.00275	0.14104	0.00452	0.00439

[dist]
# distance from previous block
# <min> <max>
16	74

[block]
# block no. 5 follows, 59 sequences, length 21
name=GPCRSECRETIN6
#
# <colnr> <probs for GDERKNQSTAVLIFYWHMCP>
#	G	D	E	R	K	N	Q	S	T	A	V	L	I	F	Y	W	H	M	C	P
0	0.01175	0.00574	0.00757	0.00705	0.00876	0.00528	0.00528	0.01368	0.06305	0.34787	0.02105	0.44389	0.02058	0.00984	0.00507	0.00160	0.00312	0.00869	0.00469	0.00544
1	0.01254	0.00662	0.00831	0.00706	0.00930	0.00628	0.00556	0.05995	0.09813	0.33187	0.26509	0.08023	0.07486	0.00758	0.00482	0.00142	0.00309	0.00646	0.00493	0.00590
2	0.01029	0.00984	0.01676	0.22795	0.62143	0.01032	0.01323	0.01299	0.00975	0.01365	0.00819	0.01114	0.00672	0.00405	0.00438	0.00135	0.00541	0.00393	0.00213	0.00648
3	0.01825	0.01003	0.01181	0.00905	0.01253	0.01023	0.00748	0.42649	0.01685	0.40938	0.01389	0.01274	0.00916	0.00538	0.00443	0.00135	0.00433	0.00420	0.00492	0.00751
4	0.01038	0.00888	0.00946	0.00868	0.01094	0.01019	0.00668	0.02161	0.72327	0.01770	0.01866	0.10510	0.01517	0.00683	0.00462	0.00153	0.00340	0.00581	0.00445	0.00663
5	0.00554	0.00396	0.00531	0.00633	0.00666	0.00372	0.00437	0.00642	0.00861	0.01145	0.02426	0.76984	0.02887	0.01369	0.00568	0.00182	0.00270	0.08306	0.00410	0.00363
6	0.00647	0.00492	0.00597	0.00598	0.00699	0.00479	0.00433	0.00926	0.10865	0.01491	0.36877	0.25718	0.12742	0.04656	0.00599	0.00165	0.00250	0.00899	0.00442	0.00423
7	0.00538	0.00384	0.00512	0.00615	0.00641	0.00359	0.00410	0.00615	0.00846	0.01127	0.02434	0.84190	0.02921	0.01384	0.00564	0.00179	0.00256	0.01256	0.00410	0.00359
8	0.00577	0.00442	0.00524	0.00533	0.00638	0.00397	0.00393	0.00717	0.01049	0.01374	0.30603	0.16037	0.34141	0.05298	0.00620	0.00167	0.00244	0.05433	0.00429	0.00383
9	0.00910	0.00769	0.00899	0.00661	0.01027	0.00594	0.00524	0.03210	0.00942	0.01454	0.00908	0.06730	0.00815	0.00406	0.00347	0.00075	0.00326	0.00335	0.00277	0.78791
10	0.00544	0.00389	0.00518	0.00611	0.00642	0.00363	0.00410	0.00630	0.00874	0.01172	0.07950	0.78546	0.03008	0.01350	0.00561	0.00177	0.00253	0.01224	0.00415	0.00363
11	0.00579	0.00402	0.00500	0.00562	0.00578	0.00386	0.00354	0.00626	0.00765	0.01020	0.02022	0.52016	0.02401	0.34268	0.01230	0.00278	0.00324	0.01013	0.00354	0.00323
12	0.87598	0.00854	0.00649	0.00581	0.00854	0.00991	0.00478	0.01298	0.00752	0.01982	0.00615	0.00717	0.00478	0.00410	0.00273	0.00137	0.00342	0.00239	0.00273	0.00478
13	0.00585	0.00473	0.00523	0.00511	0.00649	0.00423	0.00387	0.00780	0.04725	0.01403	0.27868	0.03860	0.52150	0.01032	0.00521	0.00147	0.00230	0.02896	0.00435	0.00402
14	0.01065	0.01086	0.05058	0.01164	0.01336	0.02789	0.09695	0.06690	0.21638	0.01434	0.00974	0.01169	0.00799	0.00645	0.00954	0.00169	0.42050	0.00427	0.00280	0.00578
15	0.00789	0.00888	0.10741	0.00790	0.00944	0.10684	0.00672	0.00958	0.00792	0.01048	0.01110	0.01724	0.01059	0.16822	0.48408	0.00517	0.00938	0.00462	0.00235	0.00418
16	0.00651	0.00510	0.00602	0.00605	0.00735	0.00488	0.00472	0.00928	0.09626	0.01459	0.27108	0.08363	0.30557	0.01031	0.00532	0.00158	0.00268	0.15045	0.00437	0.00426
17	0.00606	0.00453	0.00573	0.00578	0.00681	0.00407	0.00423	0.00758	0.01056	0.01449	0.37692	0.30062	0.12852	0.01062	0.00526	0.00151	0.00241	0.03877	0.00434	0.06118
18	0.00633	0.00430	0.00501	0.00513	0.00531	0.00424	0.00313	0.00664	0.00723	0.00964	0.06169	0.10042	0.04096	0.66104	0.01875	0.00371	0.00394	0.04655	0.00303	0.00294
19	0.01153	0.00688	0.00794	0.00690	0.00893	0.05198	0.00530	0.01286	0.01010	0.26153	0.05373	0.06980	0.04454	0.18962	0.00850	0.00199	0.00387	0.09971	0.00391	0.14039
20	0.00834	0.00509	0.00695	0.00619	0.00724	0.00487	0.04411	0.00917	0.00859	0.08506	0.14223	0.02185	0.01662	0.26560	0.06620	0.13848	0.00414	0.00546	0.11288	0.04091

[dist]
# distance from previous block
# <min> <max>
9	14

[block]
# block no. 6 follows, 59 sequences, length 22
name=GPCRSECRETIN7
#
# <colnr> <probs for GDERKNQSTAVLIFYWHMCP>
#	G	D	E	R	K	N	Q	S	T	A	V	L	I	F	Y	W	H	M	C	P
0	0.00744	0.19608	0.01003	0.04879	0.00933	0.00748	0.00590	0.00885	0.00933	0.01173	0.03695	0.24513	0.15482	0.02723	0.00532	0.00164	0.00357	0.20265	0.00347	0.00426
1	0.02463	0.00637	0.00781	0.00734	0.00827	0.04803	0.00558	0.00916	0.00827	0.03872	0.09757	0.10624	0.01551	0.11800	0.31907	0.00396	0.11588	0.00574	0.00292	0.05093
2	0.06645	0.00530	0.00597	0.00577	0.00671	0.00546	0.00399	0.00992	0.09377	0.05347	0.07896	0.10656	0.06015	0.35419	0.06937	0.00301	0.00405	0.00653	0.05639	0.00397
3	0.01026	0.05552	0.39947	0.05667	0.01673	0.11639	0.05245	0.06688	0.01072	0.01416	0.02679	0.01602	0.00956	0.00560	0.00449	0.00144	0.00607	0.12241	0.00251	0.00583
4	0.01022	0.00671	0.00863	0.00796	0.00926	0.00723	0.00620	0.11360	0.01070	0.15397	0.01917	0.34896	0.06062	0.00996	0.00681	0.00168	0.14677	0.06250	0.00400	0.00504
5	0.11161	0.00607	0.00646	0.00600	0.00735	0.00621	0.00434	0.12754	0.01019	0.04083	0.04211	0.16799	0.15644	0.24285	0.00960	0.00226	0.00344	0.00705	0.03740	0.00425
6	0.00575	0.00405	0.00524	0.00595	0.00626	0.00385	0.00399	0.00654	0.00847	0.01136	0.08422	0.57615	0.02741	0.17569	0.00892	0.00226	0.00294	0.05359	0.00388	0.00348
7	0.22885	0.01067	0.05434	0.00938	0.01205	0.11593	0.12133	0.08258	0.05209	0.01598	0.01474	0.10385	0.08977	0.00664	0.00437	0.00147	0.00473	0.06288	0.00317	0.00516
8	0.01508	0.01172	0.01332	0.01051	0.01319	0.01366	0.00870	0.61250	0.01741	0.02371	0.00945	0.01038	0.00710	0.00588	0.00684	0.00147	0.20445	0.00395	0.00382	0.00687
9	0.00732	0.00511	0.00578	0.00557	0.00599	0.00530	0.00349	0.06136	0.05165	0.01062	0.01436	0.06789	0.01580	0.66626	0.05236	0.00392	0.00450	0.00642	0.00295	0.00334
10	0.01042	0.01191	0.02606	0.01862	0.02308	0.01117	0.80119	0.01415	0.01042	0.01415	0.00894	0.01191	0.00670	0.00372	0.00521	0.00149	0.00745	0.00521	0.00223	0.00596
11	0.87598	0.00854	0.00649	0.00581	0.00854	0.00991	0.00478	0.01298	0.00752	0.01982	0.00615	0.00717	0.00478	0.00410	0.00273	0.00137	0.00342	0.00239	0.00273	0.00478
12	0.00616	0.00420	0.00484	0.00507	0.00525	0.00409	0.00304	0.00645	0.00718	0.00956	0.01827	0.20526	0.07297	0.58913	0.01722	0.00348	0.00372	0.00789	0.02326	0.00298
13	0.00668	0.00486	0.00575	0.00579	0.00643	0.00487	0.00394	0.00872	0.09336	0.01235	0.18492	0.16208	0.05876	0.36702	0.01263	0.00274	0.00336	0.04833	0.00369	0.00371
14	0.00618	0.00451	0.00581	0.00548	0.00656	0.00414	0.00411	0.00820	0.01234	0.01732	0.76270	0.03364	0.09411	0.00918	0.00521	0.00140	0.00209	0.00808	0.00481	0.00414
15	0.01885	0.00906	0.01121	0.00859	0.01205	0.00879	0.00710	0.27015	0.01523	0.56802	0.01525	0.01362	0.00984	0.00541	0.00443	0.00135	0.00411	0.00429	0.00513	0.00751
16	0.00659	0.00517	0.00605	0.00587	0.00715	0.00501	0.00437	0.00983	0.13221	0.01549	0.39131	0.13527	0.23951	0.00974	0.00516	0.00148	0.00240	0.00846	0.00451	0.00441
17	0.00562	0.00414	0.00491	0.00537	0.00592	0.00381	0.00357	0.00634	0.00855	0.01104	0.05568	0.40717	0.23673	0.20922	0.00949	0.00229	0.00286	0.01008	0.00379	0.00343
18	0.00632	0.00470	0.00693	0.00693	0.00766	0.00543	0.00531	0.00778	0.00705	0.01013	0.01198	0.01820	0.01141	0.09302	0.76789	0.00689	0.01127	0.00486	0.00239	0.00385
19	0.00823	0.00412	0.00412	0.00412	0.00515	0.00412	0.00309	0.01029	0.00926	0.01647	0.01441	0.01647	0.01132	0.00515	0.00309	0.00103	0.00206	0.00412	0.86930	0.00412
20	0.00642	0.00431	0.00496	0.00496	0.00500	0.00436	0.00285	0.00651	0.00646	0.00867	0.01379	0.02820	0.01575	0.79514	0.07171	0.00445	0.00474	0.00632	0.00266	0.00275
21	0.00630	0.00410	0.00497	0.00550	0.00605	0.00392	0.00381	0.00742	0.00877	0.01259	0.06285	0.41905	0.06555	0.11920	0.00722	0.00192	0.00271	0.05200	0.20242	0.00365

# created by:
# /home/oliver/Arbeit/Muster/bin/prints2prfl.pl prints41_1.dat.ate
