[name]
unknown

[dist]
# distance from previous block
# <min> <max>
8	504

[block]
# block no. 0 follows, 71 sequences, length 9
# corresponding to MSA columns:
# 0-8
name=unknown_A
#
# <colnr> <probs for GDERKNQSTAVLIFYWHMCP>
#	G	D	E	R	K	N	Q	S	T	A	V	L	I	F	Y	W	H	M	C	P
0	0.007	0.00691	0.01166	0.82275	0.05899	0.00854	0.01069	0.00988	0.00771	0.00991	0.00683	0.01019	0.00515	0.00382	0.00383	0.00127	0.00509	0.00341	0.00171	0.00433
1	0.00660	0.00431	0.00544	0.00567	0.04254	0.00405	0.00401	0.00827	0.02505	0.06927	0.31987	0.11455	0.13827	0.03757	0.00475	0.00132	0.00228	0.05614	0.14623	0.00380
2	0.00732	0.00688	0.01152	0.75054	0.09377	0.00835	0.01042	0.00978	0.00780	0.01005	0.00819	0.01128	0.04023	0.00405	0.00386	0.00127	0.00493	0.00360	0.00180	0.00437
3	0.03870	0.00675	0.00778	0.00563	0.00894	0.00519	0.00451	0.00980	0.00799	0.03109	0.00781	0.00878	0.02818	0.00309	0.00289	0.00062	0.00283	0.00246	0.00236	0.81458
4	0.00664	0.02292	0.05027	0.06984	0.02056	0.00518	0.02271	0.02213	0.04691	0.04546	0.05473	0.33113	0.05056	0.09610	0.03275	0.00175	0.00339	0.06016	0.00308	0.05372
5	0.04504	0.04177	0.02877	0.04610	0.06055	0.21830	0.03435	0.14106	0.05089	0.03958	0.02660	0.12939	0.02164	0.03616	0.00445	0.00130	0.00448	0.05149	0.01336	0.00471
6	0.07631	0.08493	0.19327	0.02208	0.09956	0.01927	0.03460	0.12112	0.04647	0.09955	0.01991	0.02149	0.00693	0.01460	0.00386	0.01515	0.00419	0.00323	0.00259	0.11089
7	0.04616	0.09251	0.07546	0.17886	0.14768	0.03375	0.05810	0.12864	0.03459	0.03714	0.01889	0.07076	0.01969	0.03626	0.00432	0.00128	0.00443	0.00398	0.00244	0.00505
8	0.02686	0.07517	0.56503	0.01017	0.01493	0.02636	0.05769	0.07215	0.00903	0.06010	0.00768	0.02463	0.00570	0.00387	0.00361	0.00117	0.00520	0.00310	0.00205	0.02549

[dist]
# distance from previous block
# <min> <max>
20	84

[block]
# block no. 1 follows, 71 sequences, length 7
# corresponding to MSA columns:
# 93-99
name=unknown_B
#
# <colnr> <probs for GDERKNQSTAVLIFYWHMCP>
#	G	D	E	R	K	N	Q	S	T	A	V	L	I	F	Y	W	H	M	C	P
0	0.00608	0.00415	0.00524	0.00510	0.00540	0.00444	0.00343	0.00658	0.00611	0.03585	0.03308	0.02191	0.01305	0.55695	0.21597	0.00401	0.04722	0.02017	0.00238	0.00287
1	0.05673	0.00898	0.07486	0.05538	0.09239	0.02956	0.07790	0.10251	0.22658	0.07755	0.04814	0.01376	0.03860	0.03224	0.01394	0.00136	0.00402	0.01709	0.02304	0.00535
2	0.00588	0.00382	0.00457	0.00456	0.00475	0.00385	0.00278	0.00613	0.00595	0.03546	0.01267	0.08656	0.01419	0.68493	0.10501	0.00373	0.00428	0.00576	0.00247	0.00264
3	0.02726	0.73186	0.04042	0.00758	0.04762	0.03995	0.00698	0.02632	0.02463	0.00984	0.00575	0.00659	0.00512	0.00338	0.00263	0.00087	0.00421	0.00222	0.00176	0.00501
4	0.03706	0.00821	0.05751	0.13661	0.20735	0.00819	0.05290	0.08164	0.00895	0.11483	0.02520	0.02426	0.00776	0.03240	0.07125	0.02150	0.08269	0.01416	0.00248	0.00506
5	0.00683	0.00460	0.00568	0.00517	0.00637	0.00438	0.00392	0.05943	0.03203	0.07079	0.57667	0.04483	0.10320	0.03929	0.00495	0.00131	0.00218	0.00653	0.01787	0.00396
6	0.00601	0.00388	0.00463	0.00459	0.00491	0.00387	0.00289	0.00637	0.00623	0.04627	0.01407	0.07762	0.05946	0.60726	0.11749	0.00358	0.00426	0.00577	0.01810	0.00277

[dist]
# distance from previous block
# <min> <max>
0	*

# created by:
# /home/lars/masterarbeit/augustus/Augustus/scripts/msa2prfl.pl --prefix_from_seqnames --max_entropy=0.75 --blockscorefile=PF00225_seed.blocks.txt PF00225_seed.txt
