[name]
unknown

[dist]
# distance from previous block
# <min> <max>
30	258

[block]
# block no. 0 follows, 23 sequences, length 17
# corresponding to MSA columns:
# 341-357
name=unknown_A
#
# <colnr> <probs for GDERKNQSTAVLIFYWHMCP>
#	G	D	E	R	K	N	Q	S	T	A	V	L	I	F	Y	W	H	M	C	P
0	0.02756	0.01407	0.01726	0.01430	0.01935	0.01365	0.01142	0.08525	0.14639	0.36639	0.03715	0.10072	0.08416	0.01274	0.00853	0.00265	0.00650	0.01063	0.00904	0.01224
1	0.02130	0.01095	0.01400	0.01278	0.01609	0.01013	0.00967	0.07449	0.02053	0.26015	0.04148	0.34312	0.09521	0.01803	0.00929	0.00288	0.00581	0.01574	0.00850	0.00986
2	0.52804	0.01482	0.01291	0.01155	0.01588	0.01671	0.00920	0.09235	0.01733	0.03544	0.05998	0.08918	0.01930	0.03811	0.00766	0.00280	0.00632	0.00761	0.00589	0.00891
3	0.24396	0.01264	0.01343	0.01186	0.01565	0.01298	0.00918	0.07429	0.01921	0.16406	0.10195	0.13032	0.06379	0.07917	0.01090	0.00314	0.00615	0.01072	0.00728	0.00934
4	0.49859	0.01368	0.01259	0.01143	0.01577	0.01486	0.00907	0.02402	0.01573	0.13983	0.02135	0.15249	0.01951	0.01147	0.00660	0.00266	0.00607	0.00870	0.00636	0.00920
5	0.62846	0.01617	0.01379	0.01180	0.01709	0.01823	0.00973	0.08315	0.01705	0.10144	0.01415	0.01522	0.01039	0.00799	0.00563	0.00250	0.00659	0.00505	0.00582	0.00976
6	0.01064	0.00755	0.00940	0.01025	0.01097	0.00713	0.00674	0.01208	0.01586	0.02126	0.13765	0.38518	0.09157	0.21362	0.01871	0.00440	0.00540	0.01826	0.00703	0.00631
7	0.01732	0.01019	0.01276	0.01240	0.01514	0.00969	0.00935	0.02206	0.09378	0.16892	0.07924	0.31358	0.12483	0.01891	0.00953	0.00297	0.00546	0.05650	0.00825	0.00911
8	0.01825	0.01174	0.01897	0.01826	0.07299	0.01184	0.07411	0.02123	0.01629	0.15559	0.02421	0.08434	0.02118	0.03537	0.32171	0.05492	0.01450	0.00963	0.00569	0.00917
9	0.01573	0.01157	0.01392	0.01421	0.03909	0.07673	0.00997	0.01582	0.01351	0.03906	0.01757	0.02639	0.01630	0.03752	0.28145	0.33954	0.01363	0.00755	0.00415	0.00627
10	0.01453	0.01366	0.01685	0.01737	0.06083	0.09347	0.06914	0.01700	0.01680	0.02121	0.03361	0.31929	0.06087	0.07983	0.07986	0.00439	0.00926	0.05824	0.00602	0.00778
11	0.16716	0.01862	0.01597	0.01516	0.01820	0.18787	0.03053	0.05475	0.01852	0.02535	0.02518	0.21747	0.02659	0.01585	0.00990	0.05416	0.00859	0.07615	0.00581	0.00818
12	0.04355	0.01512	0.01841	0.07165	0.02216	0.04720	0.06981	0.12837	0.09358	0.02846	0.03669	0.16943	0.14291	0.06213	0.01108	0.00310	0.00764	0.01274	0.00664	0.00933
13	0.12089	0.04835	0.02001	0.22613	0.02887	0.04268	0.07111	0.01906	0.01484	0.02147	0.01801	0.03125	0.01745	0.26562	0.01975	0.00449	0.00943	0.00849	0.00435	0.00775
14	0.11172	0.28466	0.09584	0.16249	0.06135	0.02292	0.05874	0.02289	0.01638	0.02319	0.01509	0.06337	0.01346	0.00860	0.00684	0.00233	0.00928	0.00689	0.00403	0.00997
15	0.15398	0.02304	0.12678	0.02238	0.13616	0.06358	0.01714	0.15640	0.05812	0.03387	0.07057	0.02169	0.01777	0.00890	0.00744	0.00239	0.00871	0.00700	0.00569	0.05838
16	0.02275	0.14380	0.05463	0.02764	0.22200	0.06573	0.05198	0.04819	0.10846	0.09540	0.01869	0.02047	0.01452	0.00830	0.00802	0.00233	0.02783	0.00693	0.00531	0.04702

[intron profile]
# intron distribution associated to block no. 0
# number of protein sequences used:
7
# inter-block associated to inter-block no. 0
# introns | absolute frequency
2 7
# intra-block associated to block no. 0
# position | nucleotides | absolute frequency
6 0 5

[dist]
# distance from previous block
# <min> <max>
4	28

[block]
# block no. 1 follows, 23 sequences, length 67
# corresponding to MSA columns:
# 386-452
name=unknown_B
#
# <colnr> <probs for GDERKNQSTAVLIFYWHMCP>
#	G	D	E	R	K	N	Q	S	T	A	V	L	I	F	Y	W	H	M	C	P
0	0.08264	0.01644	0.05404	0.07913	0.05122	0.01582	0.12564	0.04692	0.08580	0.07403	0.11214	0.06344	0.07829	0.01146	0.00926	0.00265	0.03811	0.01010	0.00621	0.03668
1	0.01813	0.01576	0.01928	0.18690	0.02916	0.01706	0.01434	0.05642	0.28731	0.02904	0.02584	0.02684	0.04854	0.00953	0.00776	0.00237	0.00744	0.00798	0.00625	0.18403
2	0.01657	0.01370	0.01506	0.01364	0.01674	0.04509	0.01042	0.08092	0.17519	0.02800	0.12652	0.03773	0.06178	0.09621	0.18383	0.00573	0.01056	0.01000	0.00662	0.04570
3	0.01647	0.01406	0.01694	0.01367	0.04959	0.01092	0.01006	0.01989	0.01663	0.02573	0.01622	0.04755	0.01457	0.03801	0.00784	0.00164	0.00621	0.00600	0.00489	0.66311
4	0.02567	0.01684	0.08695	0.04445	0.02267	0.01347	0.01367	0.07891	0.05114	0.31168	0.02772	0.11941	0.02191	0.01131	0.00811	0.00245	0.00732	0.00947	0.00773	0.11910
5	0.02625	0.09526	0.02492	0.07583	0.02647	0.05594	0.01533	0.36389	0.16345	0.03998	0.02073	0.02105	0.01536	0.00951	0.00780	0.00244	0.00881	0.00728	0.00708	0.01262
6	0.03085	0.02273	0.02435	0.01867	0.02516	0.02516	0.01542	0.63716	0.03815	0.05114	0.01948	0.01948	0.01380	0.00974	0.00812	0.00244	0.00893	0.00731	0.00812	0.01380
7	0.02422	0.10688	0.07826	0.03083	0.28521	0.01995	0.04863	0.08147	0.05675	0.15945	0.01957	0.02114	0.01457	0.00822	0.00778	0.00240	0.00908	0.00720	0.00573	0.01267
8	0.02173	0.38815	0.13598	0.02099	0.10335	0.06001	0.01821	0.08281	0.01899	0.02414	0.01309	0.01549	0.01103	0.00784	0.00752	0.00213	0.04796	0.00543	0.00401	0.01115
9	0.00980	0.00740	0.00906	0.01039	0.01153	0.00667	0.00713	0.01140	0.01641	0.02107	0.05580	0.52296	0.23309	0.02398	0.01013	0.00313	0.00453	0.02131	0.00753	0.00667
10	0.01683	0.01442	0.01683	0.01202	0.01923	0.01082	0.00961	0.02043	0.01683	0.02644	0.01442	0.01683	0.01202	0.00601	0.00601	0.00120	0.00601	0.00481	0.00481	0.76444
11	0.05233	0.01932	0.03141	0.04341	0.52960	0.01950	0.04927	0.07840	0.02021	0.05505	0.01619	0.02013	0.01304	0.00756	0.00799	0.00243	0.00951	0.00726	0.00466	0.01272
12	0.01728	0.02067	0.11294	0.02119	0.02290	0.02339	0.01909	0.02015	0.01310	0.02034	0.01167	0.01828	0.01102	0.01534	0.05253	0.00383	0.57645	0.00702	0.00357	0.00923
13	0.01138	0.00829	0.01070	0.01010	0.01206	0.00761	0.00757	0.01511	0.02272	0.03195	0.62791	0.06158	0.10895	0.01681	0.00957	0.00256	0.00384	0.01481	0.00885	0.00761
14	0.01683	0.01442	0.01683	0.01202	0.01923	0.01082	0.00961	0.02043	0.01683	0.02644	0.01442	0.01683	0.01202	0.00601	0.00601	0.00120	0.00601	0.00481	0.00481	0.76444
15	0.01159	0.00869	0.01304	0.01304	0.01449	0.01014	0.01014	0.01449	0.01304	0.01884	0.02173	0.03188	0.02029	0.06086	0.68268	0.01304	0.02173	0.00869	0.00435	0.00724
16	0.00997	0.00713	0.00949	0.01124	0.01179	0.00665	0.00754	0.01151	0.01594	0.02135	0.07788	0.67457	0.05490	0.02495	0.01031	0.00326	0.00466	0.02262	0.00761	0.00665
17	0.00983	0.00729	0.00918	0.01069	0.01161	0.00664	0.00726	0.01137	0.01612	0.02095	0.05217	0.58413	0.17427	0.02445	0.01020	0.00319	0.00459	0.02189	0.00753	0.00664
18	0.00982	0.00823	0.00853	0.00846	0.01110	0.00695	0.00634	0.01208	0.01903	0.02319	0.15122	0.07600	0.59111	0.02008	0.00959	0.00272	0.00408	0.01683	0.00770	0.00695
19	0.77215	0.01569	0.01193	0.01067	0.01569	0.01820	0.00879	0.02385	0.01381	0.03641	0.01130	0.01318	0.00879	0.00753	0.00502	0.00251	0.00628	0.00439	0.00502	0.00879
20	0.77215	0.01569	0.01193	0.01067	0.01569	0.01820	0.00879	0.02385	0.01381	0.03641	0.01130	0.01318	0.00879	0.00753	0.00502	0.00251	0.00628	0.00439	0.00502	0.00879
21	0.77215	0.01569	0.01193	0.01067	0.01569	0.01820	0.00879	0.02385	0.01381	0.03641	0.01130	0.01318	0.00879	0.00753	0.00502	0.00251	0.00628	0.00439	0.00502	0.00879
22	0.02018	0.01743	0.01835	0.01651	0.02110	0.02018	0.01284	0.04312	0.64956	0.03394	0.03303	0.03027	0.02477	0.01101	0.00826	0.00275	0.00642	0.00917	0.00826	0.01284
23	0.03611	0.01429	0.01913	0.01466	0.02095	0.01264	0.01211	0.07175	0.02403	0.63649	0.03134	0.02718	0.01975	0.01003	0.00816	0.00251	0.00701	0.00811	0.00994	0.01381
24	0.09268	0.01928	0.02156	0.01665	0.02296	0.02032	0.01376	0.39447	0.03136	0.24977	0.02287	0.02160	0.01542	0.00966	0.00788	0.00247	0.00806	0.00735	0.00849	0.01340
25	0.01133	0.00794	0.00871	0.00871	0.00930	0.00765	0.00518	0.01177	0.01324	0.01706	0.03771	0.05846	0.16485	0.56601	0.03450	0.00677	0.00706	0.01294	0.00548	0.00533
26	0.03370	0.01815	0.02152	0.01650	0.02288	0.01836	0.01363	0.33019	0.03048	0.36894	0.02592	0.02366	0.01703	0.00990	0.00814	0.00247	0.00789	0.00774	0.00911	0.01380
27	0.03641	0.01381	0.01883	0.01444	0.02071	0.01193	0.01193	0.03954	0.02322	0.66984	0.03201	0.02762	0.02009	0.01004	0.00816	0.00251	0.00690	0.00816	0.01004	0.01381
28	0.01180	0.00787	0.00885	0.00885	0.00885	0.00787	0.00492	0.01180	0.01180	0.01573	0.02557	0.05310	0.02950	0.71483	0.04130	0.00787	0.00787	0.01180	0.00492	0.00492
29	0.01532	0.01442	0.02434	0.69533	0.05589	0.01803	0.02253	0.02073	0.01622	0.02073	0.01442	0.02163	0.01082	0.00811	0.00811	0.00270	0.01082	0.00721	0.00361	0.00901
30	0.03567	0.01499	0.01956	0.01500	0.02130	0.01367	0.01239	0.11844	0.02520	0.58816	0.03036	0.02654	0.01926	0.01000	0.00815	0.00250	0.00717	0.00805	0.00979	0.01381
31	0.00959	0.00822	0.00822	0.00822	0.01096	0.00685	0.00617	0.01165	0.01850	0.02192	0.08220	0.07809	0.66092	0.02055	0.00959	0.00274	0.00411	0.01713	0.00754	0.00685
32	0.01906	0.01824	0.03109	0.18818	0.53381	0.01901	0.02440	0.02401	0.01799	0.02527	0.01508	0.02042	0.01242	0.00742	0.00805	0.00247	0.00989	0.00723	0.00393	0.01203
33	0.09177	0.01826	0.01990	0.01580	0.02116	0.01967	0.01288	0.39917	0.03150	0.09892	0.15713	0.02845	0.02736	0.01104	0.00816	0.00247	0.00743	0.00870	0.00819	0.01205
34	0.02590	0.03133	0.02365	0.02104	0.02376	0.45144	0.01641	0.02788	0.01928	0.01974	0.01188	0.01573	0.01052	0.01041	0.01410	0.00260	0.25527	0.00588	0.00396	0.00922
35	0.02139	0.68112	0.07841	0.01441	0.02164	0.03135	0.01480	0.02438	0.01652	0.01947	0.01147	0.01325	0.01041	0.00699	0.00535	0.00178	0.00887	0.00443	0.00347	0.01050
36	0.02889	0.01404	0.01806	0.01351	0.02014	0.01150	0.01104	0.03221	0.02077	0.42284	0.02526	0.02348	0.01699	0.00849	0.00733	0.00201	0.00656	0.00687	0.00803	0.30197
37	0.01873	0.01764	0.02854	0.23082	0.40476	0.01904	0.02263	0.02610	0.10098	0.02583	0.01736	0.02187	0.01384	0.00798	0.00809	0.00254	0.00955	0.00748	0.00446	0.01175
38	0.03641	0.01381	0.01883	0.01444	0.02071	0.01193	0.01193	0.03954	0.02322	0.66984	0.03201	0.02762	0.02009	0.01004	0.00816	0.00251	0.00690	0.00816	0.01004	0.01381
39	0.02008	0.01928	0.03294	0.04981	0.66422	0.01928	0.02490	0.02490	0.01848	0.02651	0.01526	0.02008	0.01285	0.00723	0.00803	0.00241	0.00964	0.00723	0.00402	0.01285
40	0.01148	0.00829	0.01085	0.01021	0.01212	0.00766	0.00766	0.01531	0.02297	0.03254	0.65994	0.06061	0.07656	0.01659	0.00957	0.00255	0.00383	0.01467	0.00893	0.00766
41	0.01060	0.00757	0.01023	0.01211	0.01290	0.00721	0.00877	0.01253	0.01624	0.02151	0.04433	0.57135	0.05211	0.02475	0.01055	0.00339	0.00533	0.15422	0.00752	0.00679
42	0.01252	0.00897	0.01234	0.01358	0.01539	0.00878	0.01145	0.01616	0.01959	0.02617	0.19710	0.11447	0.05450	0.02111	0.01076	0.00342	0.00642	0.43196	0.00784	0.00747
43	0.00968	0.00822	0.00834	0.00831	0.01102	0.00689	0.00624	0.01182	0.01871	0.02242	0.10954	0.07726	0.63327	0.02036	0.00959	0.00273	0.00410	0.01701	0.00760	0.00689
44	0.02447	0.01956	0.02076	0.01738	0.02273	0.02218	0.01388	0.28191	0.40379	0.04086	0.02758	0.02594	0.02036	0.01050	0.00820	0.00262	0.00743	0.00842	0.00820	0.01323
45	0.02789	0.23012	0.02848	0.01893	0.02389	0.49950	0.01517	0.03012	0.02117	0.01964	0.01219	0.01418	0.01044	0.00796	0.00672	0.00199	0.01296	0.00498	0.00398	0.00969
46	0.01627	0.04197	0.67279	0.02313	0.03512	0.01884	0.02998	0.02570	0.01713	0.02570	0.01456	0.01713	0.01028	0.00771	0.00771	0.00257	0.01199	0.00600	0.00343	0.01199
47	0.01570	0.01492	0.05222	0.01564	0.04730	0.06769	0.01162	0.07498	0.04697	0.02392	0.02792	0.24245	0.02933	0.10348	0.15191	0.00545	0.01058	0.01278	0.00588	0.03927
48	0.01640	0.02354	0.25025	0.31563	0.04024	0.01717	0.02271	0.02275	0.01747	0.05631	0.08771	0.02455	0.01847	0.00931	0.00903	0.00267	0.04351	0.00767	0.00446	0.01014
49	0.01634	0.01407	0.02256	0.03173	0.33144	0.01405	0.01857	0.02049	0.01843	0.02520	0.02957	0.08541	0.03056	0.01517	0.00962	0.00307	0.00840	0.28947	0.00579	0.01005
50	0.01683	0.01442	0.01683	0.01202	0.01923	0.01082	0.00961	0.02043	0.01683	0.02644	0.01442	0.01683	0.01202	0.00601	0.00601	0.00120	0.00601	0.00481	0.00481	0.76444
51	0.01159	0.00869	0.01304	0.01304	0.01449	0.01014	0.01014	0.01449	0.01304	0.01884	0.02173	0.03188	0.02029	0.06086	0.68268	0.01304	0.02173	0.00869	0.00435	0.00724
52	0.01308	0.00934	0.01308	0.01494	0.01681	0.00934	0.01308	0.01681	0.01868	0.02428	0.04296	0.09153	0.04670	0.02242	0.01121	0.00374	0.00747	0.60960	0.00747	0.00747
53	0.01532	0.01442	0.02434	0.69533	0.05589	0.01803	0.02253	0.02073	0.01622	0.02073	0.01442	0.02163	0.01082	0.00811	0.00811	0.00270	0.01082	0.00721	0.00361	0.00901
54	0.01683	0.01442	0.01683	0.01202	0.01923	0.01082	0.00961	0.02043	0.01683	0.02644	0.01442	0.01683	0.01202	0.00601	0.00601	0.00120	0.00601	0.00481	0.00481	0.76444
55	0.01683	0.01442	0.01683	0.01202	0.01923	0.01082	0.00961	0.02043	0.01683	0.02644	0.01442	0.01683	0.01202	0.00601	0.00601	0.00120	0.00601	0.00481	0.00481	0.76444
56	0.00989	0.00706	0.00942	0.01130	0.01177	0.00659	0.00753	0.01130	0.01554	0.02071	0.04472	0.70954	0.05367	0.02542	0.01036	0.00330	0.00471	0.02307	0.00753	0.00659
57	0.03085	0.02273	0.02435	0.01867	0.02516	0.02516	0.01542	0.63716	0.03815	0.05114	0.01948	0.01948	0.01380	0.00974	0.00812	0.00244	0.00893	0.00731	0.00812	0.01380
58	0.02008	0.01928	0.03294	0.04981	0.66422	0.01928	0.02490	0.02490	0.01848	0.02651	0.01526	0.02008	0.01285	0.00723	0.00803	0.00241	0.00964	0.00723	0.00402	0.01285
59	0.01627	0.04197	0.67279	0.02313	0.03512	0.01884	0.02998	0.02570	0.01713	0.02570	0.01456	0.01713	0.01028	0.00771	0.00771	0.00257	0.01199	0.00600	0.00343	0.01199
60	0.00982	0.00731	0.00916	0.01065	0.01160	0.00665	0.00724	0.01137	0.01616	0.02097	0.05267	0.57558	0.18250	0.02439	0.01019	0.00318	0.00458	0.02181	0.00753	0.00665
61	0.01409	0.00705	0.01057	0.01057	0.01057	0.00705	0.00705	0.01057	0.01057	0.01409	0.01409	0.02467	0.01409	0.02819	0.03171	0.76392	0.00705	0.00705	0.00352	0.00352
62	0.01437	0.01008	0.01434	0.01313	0.01498	0.01079	0.03984	0.04684	0.01478	0.05592	0.02313	0.03721	0.02246	0.25882	0.37600	0.00978	0.01550	0.00962	0.00502	0.00739
63	0.02654	0.14031	0.02535	0.01814	0.02343	0.25577	0.01463	0.17855	0.18025	0.03070	0.01906	0.01939	0.01478	0.00911	0.00740	0.00228	0.01027	0.00655	0.00601	0.01147
64	0.02378	0.01519	0.01807	0.01379	0.02028	0.01341	0.01111	0.06457	0.11808	0.21414	0.02266	0.02217	0.01642	0.00816	0.00710	0.00189	0.00650	0.00659	0.00704	0.38906
65	0.08619	0.13582	0.15364	0.02030	0.02718	0.15288	0.11131	0.06124	0.09363	0.02711	0.04410	0.01994	0.01528	0.00845	0.00746	0.00238	0.01060	0.00681	0.00488	0.01081
66	0.01833	0.05410	0.16373	0.02278	0.14820	0.04440	0.01776	0.05289	0.01867	0.05024	0.02146	0.12656	0.02027	0.01094	0.00793	0.00237	0.00859	0.04207	0.00518	0.16353

[intron profile]
# intron distribution associated to block no. 1
# number of protein sequences used:
7
# intra-block associated to block no. 1
# position | nucleotides | absolute frequency
1 1 5

[dist]
# distance from previous block
# <min> <max>
0	4

[block]
# block no. 2 follows, 23 sequences, length 138
# corresponding to MSA columns:
# 462-599
name=unknown_C
#
# <colnr> <probs for GDERKNQSTAVLIFYWHMCP>
#	G	D	E	R	K	N	Q	S	T	A	V	L	I	F	Y	W	H	M	C	P
0	0.01846	0.01310	0.01478	0.01347	0.01709	0.01365	0.01032	0.08124	0.23748	0.10591	0.07730	0.17795	0.15377	0.01584	0.00899	0.00279	0.00577	0.01353	0.00821	0.01034
1	0.07542	0.03139	0.35558	0.03202	0.26752	0.04852	0.02585	0.02556	0.01764	0.02655	0.01449	0.01782	0.01113	0.00755	0.00761	0.00248	0.01080	0.00630	0.00380	0.01196
2	0.02030	0.34177	0.03270	0.01932	0.10341	0.05643	0.04753	0.02369	0.01732	0.02270	0.01309	0.01564	0.01132	0.00676	0.00616	0.00173	0.00855	0.00518	0.00402	0.24238
3	0.01368	0.00890	0.01285	0.04929	0.01632	0.00939	0.00999	0.01617	0.01521	0.08629	0.03119	0.29030	0.03253	0.03925	0.31991	0.00768	0.01311	0.01406	0.00611	0.00776
4	0.01796	0.01654	0.02698	0.44587	0.24048	0.01895	0.02272	0.06858	0.01857	0.02480	0.01506	0.02099	0.01167	0.00796	0.00809	0.00259	0.01031	0.00722	0.00407	0.01056
5	0.01180	0.00787	0.00885	0.00885	0.00885	0.00787	0.00492	0.01180	0.01180	0.01573	0.02557	0.05310	0.02950	0.71483	0.04130	0.00787	0.00787	0.01180	0.00492	0.00492
6	0.01887	0.01804	0.03075	0.21411	0.50938	0.01896	0.02430	0.02384	0.01790	0.02504	0.01505	0.02048	0.01233	0.00745	0.00805	0.00248	0.00994	0.00723	0.00391	0.01188
7	0.01915	0.02189	0.04788	0.03420	0.04241	0.02052	0.63475	0.02599	0.01915	0.02599	0.01642	0.02189	0.01231	0.00684	0.00958	0.00274	0.01368	0.00958	0.00410	0.01094
8	0.01409	0.00705	0.01057	0.01057	0.01057	0.00705	0.00705	0.01057	0.01057	0.01409	0.01409	0.02467	0.01409	0.02819	0.03171	0.76392	0.00705	0.00705	0.00352	0.00352
9	0.02564	0.02888	0.02085	0.01888	0.02325	0.37709	0.01437	0.03734	0.31180	0.02635	0.02198	0.02184	0.01705	0.00958	0.00775	0.00240	0.01085	0.00705	0.00606	0.01099
10	0.77215	0.01569	0.01193	0.01067	0.01569	0.01820	0.00879	0.02385	0.01381	0.03641	0.01130	0.01318	0.00879	0.00753	0.00502	0.00251	0.00628	0.00439	0.00502	0.00879
11	0.09524	0.01626	0.01979	0.01578	0.02115	0.01670	0.04550	0.19513	0.09534	0.22692	0.13687	0.02990	0.02742	0.01082	0.00820	0.00254	0.00716	0.00892	0.00835	0.01200
12	0.01627	0.04197	0.67279	0.02313	0.03512	0.01884	0.02998	0.02570	0.01713	0.02570	0.01456	0.01713	0.01028	0.00771	0.00771	0.00257	0.01199	0.00600	0.00343	0.01199
13	0.01532	0.01442	0.02434	0.69533	0.05589	0.01803	0.02253	0.02073	0.01622	0.02073	0.01442	0.02163	0.01082	0.00811	0.00811	0.00270	0.01082	0.00721	0.00361	0.00901
14	0.03085	0.02273	0.02435	0.01867	0.02516	0.02516	0.01542	0.63716	0.03815	0.05114	0.01948	0.01948	0.01380	0.00974	0.00812	0.00244	0.00893	0.00731	0.00812	0.01380
15	0.00974	0.00762	0.00884	0.00980	0.01138	0.00672	0.00687	0.01147	0.01697	0.02130	0.06291	0.40318	0.34829	0.02306	0.00998	0.00303	0.00442	0.02018	0.00753	0.00672
16	0.01170	0.00827	0.01091	0.01091	0.01163	0.00899	0.00749	0.01312	0.01241	0.01726	0.02368	0.04265	0.02496	0.39293	0.35700	0.01041	0.01469	0.01027	0.00464	0.00606
17	0.01170	0.00827	0.01091	0.01091	0.01162	0.00898	0.00748	0.01312	0.01241	0.01726	0.02369	0.04268	0.02498	0.39388	0.35607	0.01041	0.01467	0.01028	0.00464	0.00606
18	0.01627	0.04197	0.67279	0.02313	0.03512	0.01884	0.02998	0.02570	0.01713	0.02570	0.01456	0.01713	0.01028	0.00771	0.00771	0.00257	0.01199	0.00600	0.00343	0.01199
19	0.01813	0.01471	0.01719	0.01237	0.01951	0.01141	0.00993	0.04461	0.01789	0.05273	0.01531	0.01735	0.01240	0.00631	0.00617	0.00130	0.00616	0.00503	0.00514	0.70634
20	0.02013	0.24162	0.35111	0.01949	0.02852	0.12733	0.02195	0.02609	0.01785	0.02285	0.01326	0.01550	0.01043	0.00750	0.00682	0.00218	0.01114	0.00532	0.00363	0.04728
21	0.01822	0.28474	0.44703	0.01982	0.03000	0.02360	0.02421	0.02520	0.01690	0.02333	0.01339	0.01566	0.01033	0.00743	0.00681	0.00227	0.01080	0.00540	0.00344	0.01143
22	0.01175	0.00807	0.00988	0.00988	0.01023	0.00842	0.00620	0.01246	0.01210	0.01649	0.02463	0.04790	0.02724	0.55461	0.19843	0.00913	0.01126	0.01104	0.00478	0.00549
23	0.01169	0.00831	0.01111	0.01111	0.01189	0.00909	0.00773	0.01325	0.01247	0.01741	0.02350	0.04166	0.02453	0.36230	0.38705	0.01066	0.01534	0.01013	0.00461	0.00617
24	0.01037	0.00813	0.00944	0.00981	0.01188	0.00720	0.00736	0.01284	0.01895	0.02421	0.19706	0.18972	0.36940	0.02074	0.00987	0.00289	0.00446	0.07081	0.00783	0.00703
25	0.02027	0.36317	0.13763	0.01634	0.02328	0.02524	0.01641	0.06923	0.01778	0.02377	0.01284	0.01533	0.01092	0.00800	0.00852	0.00206	0.09139	0.00523	0.00403	0.12856
26	0.01579	0.01346	0.01562	0.01153	0.01800	0.01024	0.00915	0.01925	0.01732	0.02628	0.05472	0.02550	0.08336	0.00808	0.00657	0.00143	0.00570	0.00661	0.00531	0.64610
27	0.02189	0.02698	0.24836	0.02161	0.07525	0.02011	0.02016	0.20161	0.15724	0.05678	0.02197	0.05444	0.01696	0.00988	0.00811	0.00259	0.00924	0.00803	0.00624	0.01255
28	0.02027	0.10177	0.03406	0.04557	0.58845	0.02079	0.02360	0.02483	0.01824	0.02564	0.01479	0.01925	0.01257	0.00720	0.00770	0.00233	0.00953	0.00689	0.00395	0.01257
29	0.00989	0.00706	0.00942	0.01130	0.01177	0.00659	0.00753	0.01130	0.01554	0.02071	0.04472	0.70954	0.05367	0.02542	0.01036	0.00330	0.00471	0.02307	0.00753	0.00659
30	0.02243	0.10295	0.11416	0.01745	0.02307	0.07833	0.03773	0.12241	0.02216	0.12453	0.02625	0.08790	0.02404	0.01303	0.00858	0.00273	0.00907	0.14604	0.00650	0.01065
31	0.01985	0.29183	0.38083	0.01917	0.02870	0.04843	0.02254	0.02614	0.01743	0.05615	0.01417	0.01605	0.01084	0.00757	0.00679	0.00224	0.01060	0.00546	0.00381	0.01140
32	0.03146	0.02114	0.02176	0.01733	0.02328	0.09726	0.01404	0.30921	0.09637	0.24665	0.02418	0.02270	0.01661	0.00981	0.00805	0.00245	0.00867	0.00754	0.00830	0.01319
33	0.01742	0.01600	0.07724	0.01830	0.08795	0.01228	0.05985	0.02194	0.01966	0.08631	0.21432	0.03199	0.03251	0.00996	0.00793	0.00210	0.00691	0.00886	0.00629	0.26220
34	0.02947	0.03707	0.02382	0.02329	0.07791	0.62746	0.01644	0.03178	0.02262	0.02041	0.01277	0.01508	0.01065	0.00827	0.00738	0.00212	0.01422	0.00539	0.00417	0.00969
35	0.77215	0.01569	0.01193	0.01067	0.01569	0.01820	0.00879	0.02385	0.01381	0.03641	0.01130	0.01318	0.00879	0.00753	0.00502	0.00251	0.00628	0.00439	0.00502	0.00879
36	0.77215	0.01569	0.01193	0.01067	0.01569	0.01820	0.00879	0.02385	0.01381	0.03641	0.01130	0.01318	0.00879	0.00753	0.00502	0.00251	0.00628	0.00439	0.00502	0.00879
37	0.01061	0.00826	0.00964	0.00929	0.01159	0.00728	0.00697	0.01362	0.02091	0.02764	0.39364	0.06867	0.34591	0.01841	0.00958	0.00264	0.00396	0.01580	0.00829	0.00728
38	0.03512	0.01588	0.02011	0.01542	0.02175	0.01499	0.01274	0.17807	0.02668	0.52642	0.02911	0.02573	0.01863	0.00997	0.00815	0.00249	0.00737	0.00796	0.00960	0.01381
39	0.01129	0.00829	0.01058	0.01001	0.01200	0.00757	0.00751	0.01494	0.02252	0.03147	0.60157	0.06238	0.13560	0.01699	0.00957	0.00257	0.00386	0.01492	0.00879	0.00757
40	0.03033	0.01252	0.01657	0.01315	0.01854	0.01081	0.01070	0.03335	0.02247	0.52045	0.08729	0.03800	0.12449	0.01218	0.00849	0.00255	0.00624	0.01005	0.00957	0.01226
41	0.01707	0.01761	0.03284	0.35493	0.04573	0.01997	0.24075	0.02243	0.01669	0.02243	0.01455	0.02113	0.01133	0.00860	0.01149	0.00285	0.11813	0.00804	0.00378	0.00968
42	0.77215	0.01569	0.01193	0.01067	0.01569	0.01820	0.00879	0.02385	0.01381	0.03641	0.01130	0.01318	0.00879	0.00753	0.00502	0.00251	0.00628	0.00439	0.00502	0.00879
43	0.01169	0.00831	0.01111	0.01111	0.01189	0.00909	0.00773	0.01325	0.01247	0.01741	0.02350	0.04166	0.02453	0.36230	0.38705	0.01066	0.01534	0.01013	0.00461	0.00617
44	0.02359	0.02516	0.22147	0.04981	0.05622	0.01897	0.01934	0.13729	0.17860	0.15097	0.02323	0.02306	0.01642	0.00930	0.00803	0.00258	0.00899	0.00752	0.00669	0.01276
45	0.01148	0.00829	0.01085	0.01021	0.01212	0.00766	0.00766	0.01531	0.02297	0.03254	0.65994	0.06061	0.07656	0.01659	0.00957	0.00255	0.00383	0.01467	0.00893	0.00766
46	0.01937	0.02093	0.06976	0.03922	0.35710	0.02027	0.18734	0.02555	0.05003	0.02591	0.01591	0.02066	0.01292	0.00814	0.01057	0.00265	0.08976	0.00788	0.00417	0.01184
47	0.01826	0.01742	0.02964	0.29692	0.43134	0.01880	0.02400	0.02331	0.01761	0.02430	0.01494	0.02068	0.01207	0.00757	0.00806	0.00252	0.01009	0.00722	0.00386	0.01138
48	0.01024	0.00769	0.00950	0.01021	0.01166	0.00695	0.00722	0.01248	0.01831	0.02423	0.22119	0.37184	0.21536	0.02178	0.00995	0.00295	0.00432	0.01927	0.00791	0.00695
49	0.02304	0.61330	0.03947	0.01498	0.02149	0.13370	0.01416	0.02556	0.01750	0.01921	0.01148	0.01327	0.01042	0.00716	0.00554	0.00179	0.00961	0.00448	0.00358	0.01026
50	0.01829	0.01098	0.01393	0.01149	0.01568	0.00933	0.00901	0.02182	0.02137	0.17478	0.33861	0.04371	0.07672	0.01282	0.00842	0.00223	0.00505	0.01100	0.00815	0.18662
51	0.02081	0.01855	0.07268	0.01766	0.02275	0.08215	0.10978	0.07122	0.05102	0.13307	0.26586	0.03671	0.03848	0.01171	0.00880	0.00253	0.00811	0.01039	0.00734	0.01037
52	0.02464	0.05859	0.12946	0.02849	0.17340	0.32864	0.06671	0.05132	0.02108	0.02388	0.01398	0.01693	0.01124	0.00788	0.00766	0.00229	0.01257	0.00618	0.00414	0.01091
53	0.05089	0.01841	0.02845	0.36306	0.11827	0.06948	0.11685	0.02294	0.01695	0.02273	0.01416	0.02018	0.01116	0.00845	0.01010	0.00271	0.08430	0.00730	0.00383	0.00978
54	0.01650	0.01505	0.02263	0.06286	0.33477	0.01517	0.01711	0.02278	0.09429	0.02681	0.10888	0.03915	0.16652	0.01181	0.00859	0.00256	0.00739	0.01056	0.00587	0.01071
55	0.02151	0.01053	0.01397	0.01183	0.01555	0.00935	0.00932	0.02498	0.02287	0.29053	0.37952	0.04801	0.07970	0.01411	0.00900	0.00254	0.00509	0.01214	0.00932	0.01012
56	0.01400	0.01172	0.01265	0.01220	0.01533	0.01215	0.00933	0.02423	0.26208	0.02713	0.08773	0.12407	0.28924	0.01726	0.00924	0.00285	0.00523	0.04647	0.00788	0.00921
57	0.00989	0.00706	0.00942	0.01130	0.01177	0.00659	0.00753	0.01130	0.01554	0.02071	0.04472	0.70954	0.05367	0.02542	0.01036	0.00330	0.00471	0.02307	0.00753	0.00659
58	0.02521	0.13126	0.02404	0.01706	0.02244	0.12595	0.01388	0.15291	0.29044	0.07762	0.02374	0.02286	0.01784	0.00965	0.00760	0.00241	0.00858	0.00737	0.00697	0.01218
59	0.02169	0.71972	0.04252	0.01388	0.02083	0.03211	0.01388	0.02430	0.01649	0.01909	0.01128	0.01302	0.01041	0.00694	0.00521	0.00174	0.00868	0.00434	0.00347	0.01041
60	0.77215	0.01569	0.01193	0.01067	0.01569	0.01820	0.00879	0.02385	0.01381	0.03641	0.01130	0.01318	0.00879	0.00753	0.00502	0.00251	0.00628	0.00439	0.00502	0.00879
61	0.01622	0.01340	0.01590	0.01491	0.01805	0.01555	0.01160	0.02992	0.35617	0.02698	0.02782	0.03101	0.02270	0.03399	0.31912	0.00749	0.01348	0.00895	0.00645	0.01026
62	0.01670	0.03897	0.57947	0.02478	0.03621	0.01909	0.12030	0.02574	0.01743	0.02574	0.01484	0.01784	0.01058	0.00758	0.00799	0.00259	0.01224	0.00653	0.00353	0.01184
63	0.00959	0.00822	0.00822	0.00822	0.01096	0.00685	0.00617	0.01165	0.01850	0.02192	0.08220	0.07809	0.66092	0.02055	0.00959	0.00274	0.00411	0.01713	0.00754	0.00685
64	0.14332	0.01822	0.05112	0.02127	0.13384	0.01879	0.01471	0.08059	0.28362	0.05728	0.02379	0.02581	0.01867	0.06216	0.01012	0.00299	0.00756	0.00791	0.00656	0.01166
65	0.01159	0.00869	0.01304	0.01304	0.01449	0.01014	0.01014	0.01449	0.01304	0.01884	0.02173	0.03188	0.02029	0.06086	0.68268	0.01304	0.02173	0.00869	0.00435	0.00724
66	0.15421	0.59540	0.03712	0.01332	0.01992	0.02965	0.01298	0.02422	0.01601	0.02215	0.01128	0.01305	0.01013	0.00705	0.00517	0.00187	0.00825	0.00435	0.00374	0.01013
67	0.01874	0.02793	0.29201	0.03425	0.30909	0.01847	0.05257	0.02606	0.04052	0.04958	0.04187	0.02120	0.01499	0.00801	0.00804	0.00251	0.01033	0.00723	0.00434	0.01224
68	0.01469	0.00765	0.00795	0.00788	0.00977	0.00757	0.00591	0.01848	0.01773	0.03052	0.10196	0.03387	0.02744	0.01030	0.00614	0.00197	0.00379	0.00841	0.67039	0.00757
69	0.00989	0.00706	0.00942	0.01130	0.01177	0.00659	0.00753	0.01130	0.01554	0.02071	0.04472	0.70954	0.05367	0.02542	0.01036	0.00330	0.00471	0.02307	0.00753	0.00659
70	0.00965	0.00798	0.00846	0.00885	0.01112	0.00680	0.00644	0.01157	0.01789	0.02167	0.07458	0.20652	0.53741	0.02154	0.00975	0.00285	0.00423	0.01833	0.00753	0.00680
71	0.03641	0.01381	0.01883	0.01444	0.02071	0.01193	0.01193	0.03954	0.02322	0.66984	0.03201	0.02762	0.02009	0.01004	0.00816	0.00251	0.00690	0.00816	0.01004	0.01381
72	0.01993	0.01720	0.01823	0.01617	0.02096	0.01947	0.01260	0.04140	0.60176	0.03338	0.03162	0.02926	0.02381	0.01063	0.00809	0.00264	0.00639	0.00884	0.00800	0.06962
73	0.77215	0.01569	0.01193	0.01067	0.01569	0.01820	0.00879	0.02385	0.01381	0.03641	0.01130	0.01318	0.00879	0.00753	0.00502	0.00251	0.00628	0.00439	0.00502	0.00879
74	0.02531	0.01300	0.01492	0.01225	0.01655	0.01298	0.00985	0.16856	0.02382	0.23161	0.02655	0.02695	0.01896	0.00970	0.00700	0.00221	0.00593	0.00769	0.35522	0.01093
75	0.02442	0.01637	0.02161	0.26121	0.03400	0.01798	0.01638	0.20518	0.05261	0.17759	0.02584	0.02701	0.06353	0.01009	0.00824	0.00259	0.00868	0.00829	0.00689	0.01151
76	0.01683	0.01442	0.01683	0.01202	0.01923	0.01082	0.00961	0.02043	0.01683	0.02644	0.01442	0.01683	0.01202	0.00601	0.00601	0.00120	0.00601	0.00481	0.00481	0.76444
77	0.02008	0.01928	0.03294	0.04981	0.66422	0.01928	0.02490	0.02490	0.01848	0.02651	0.01526	0.02008	0.01285	0.00723	0.00803	0.00241	0.00964	0.00723	0.00402	0.01285
78	0.02763	0.03274	0.02172	0.01972	0.02396	0.50219	0.01501	0.05549	0.14348	0.02388	0.01805	0.02118	0.01491	0.00954	0.00770	0.00230	0.01254	0.03259	0.00525	0.01014
79	0.00986	0.00717	0.00931	0.01102	0.01170	0.00661	0.00741	0.01133	0.01580	0.02082	0.04807	0.65311	0.10794	0.02499	0.01029	0.00325	0.00465	0.02254	0.00753	0.00661
80	0.05687	0.18070	0.02307	0.04737	0.02136	0.01694	0.01136	0.02241	0.04108	0.02522	0.01424	0.01651	0.01191	0.00661	0.00596	0.00153	0.00691	0.00497	0.00458	0.48040
81	0.01099	0.00841	0.01019	0.01039	0.01256	0.00762	0.00811	0.01401	0.02009	0.02633	0.29141	0.10161	0.29591	0.01962	0.00993	0.00288	0.00467	0.12995	0.00805	0.00726
82	0.01172	0.00783	0.00887	0.00895	0.00897	0.00781	0.00503	0.01178	0.01196	0.01594	0.02638	0.08081	0.03052	0.68573	0.03999	0.00767	0.00773	0.01228	0.00503	0.00499
83	0.02064	0.13423	0.22438	0.12107	0.03036	0.04339	0.01973	0.07220	0.04726	0.09912	0.01925	0.07090	0.01568	0.00983	0.00842	0.00253	0.03712	0.00770	0.00513	0.01106
84	0.02649	0.20989	0.06053	0.01934	0.02628	0.05508	0.08135	0.35527	0.02876	0.03743	0.01645	0.01770	0.01244	0.00854	0.00744	0.00227	0.00975	0.00661	0.00607	0.01232
85	0.03576	0.01395	0.01881	0.01452	0.02073	0.01225	0.01196	0.03969	0.04812	0.64456	0.03205	0.02772	0.02027	0.01008	0.00816	0.00252	0.00689	0.00820	0.00997	0.01377
86	0.01984	0.01533	0.01780	0.01304	0.02001	0.01270	0.01050	0.08580	0.04220	0.07712	0.01692	0.01838	0.01326	0.00687	0.00647	0.00148	0.00639	0.00547	0.00566	0.60475
87	0.01549	0.01292	0.01606	0.09058	0.02175	0.01155	0.01093	0.04215	0.05131	0.02557	0.02374	0.20403	0.02381	0.01187	0.00762	0.00206	0.00634	0.01031	0.00571	0.40621
88	0.14110	0.01820	0.04692	0.02055	0.12201	0.01733	0.01484	0.17363	0.02386	0.25468	0.02132	0.02113	0.01478	0.00876	0.00748	0.00238	0.00785	0.00691	0.00724	0.06902
89	0.01105	0.00828	0.01024	0.00975	0.01185	0.00747	0.00731	0.01446	0.02193	0.03008	0.52641	0.06465	0.21162	0.01750	0.00957	0.00260	0.00389	0.01524	0.00861	0.00747
90	0.01778	0.01737	0.03099	0.28136	0.32375	0.01847	0.11258	0.02297	0.01763	0.02408	0.01637	0.05002	0.01375	0.00826	0.00839	0.00260	0.01045	0.00824	0.00403	0.01091
91	0.01822	0.06850	0.56497	0.02335	0.06364	0.01892	0.02767	0.02664	0.01763	0.07411	0.01577	0.01788	0.01115	0.00783	0.00765	0.00252	0.01135	0.00615	0.00396	0.01210
92	0.01896	0.01817	0.03070	0.18445	0.50201	0.01931	0.02403	0.02374	0.01768	0.02492	0.01484	0.02029	0.01231	0.00778	0.00903	0.00253	0.04629	0.00722	0.00391	0.01183
93	0.01105	0.00822	0.01029	0.00990	0.01189	0.00745	0.00738	0.01443	0.02175	0.02996	0.52123	0.09804	0.18284	0.01778	0.00962	0.00263	0.00393	0.01557	0.00860	0.00745
94	0.01611	0.01246	0.01472	0.01470	0.01741	0.01350	0.01184	0.05479	0.22958	0.02748	0.03579	0.06155	0.03509	0.12618	0.01477	0.00399	0.00725	0.28625	0.00737	0.00918
95	0.01390	0.01053	0.01289	0.01290	0.01513	0.01082	0.00989	0.05290	0.13244	0.02905	0.23534	0.24070	0.05242	0.01871	0.00976	0.00299	0.00544	0.11750	0.00812	0.00858
96	0.01167	0.00838	0.01144	0.01144	0.01233	0.00927	0.00814	0.01346	0.01257	0.01765	0.02320	0.04000	0.02381	0.31121	0.43715	0.01106	0.01643	0.00988	0.00456	0.00635
97	0.01789	0.01704	0.02897	0.34735	0.38382	0.01870	0.02381	0.02298	0.01744	0.02385	0.01488	0.02080	0.01191	0.00764	0.00807	0.00255	0.01018	0.00722	0.00383	0.01108
98	0.02652	0.02002	0.02150	0.01754	0.02320	0.02238	0.01414	0.35260	0.30060	0.07362	0.02592	0.02452	0.01882	0.01030	0.00818	0.00258	0.00775	0.00815	0.00827	0.01339
99	0.01360	0.01111	0.01313	0.01068	0.01519	0.00897	0.00829	0.01701	0.01933	0.02781	0.25790	0.04359	0.15251	0.01243	0.00793	0.00196	0.00488	0.01057	0.00678	0.35634
100	0.02057	0.36830	0.08750	0.05453	0.09127	0.02595	0.01704	0.08506	0.01831	0.02376	0.01369	0.01703	0.01178	0.01206	0.05893	0.00300	0.07064	0.00580	0.00407	0.01070
101	0.02169	0.71972	0.04252	0.01388	0.02083	0.03211	0.01388	0.02430	0.01649	0.01909	0.01128	0.01302	0.01041	0.00694	0.00521	0.00174	0.00868	0.00434	0.00347	0.01041
102	0.01178	0.00793	0.00917	0.00917	0.00928	0.00804	0.00531	0.01200	0.01189	0.01597	0.02528	0.05150	0.02880	0.66543	0.08975	0.00826	0.00891	0.01157	0.00487	0.00509
103	0.01753	0.17028	0.50485	0.02219	0.03293	0.02151	0.07259	0.02545	0.01716	0.02445	0.01407	0.01670	0.01046	0.00750	0.00737	0.00242	0.01148	0.00595	0.00349	0.01161
104	0.01654	0.01862	0.09321	0.31376	0.13895	0.01768	0.12114	0.02311	0.05004	0.02429	0.05218	0.05856	0.01776	0.00922	0.00850	0.00267	0.01031	0.00879	0.00446	0.01022
105	0.01005	0.00719	0.00956	0.01119	0.01181	0.00670	0.00754	0.01171	0.01630	0.02192	0.10770	0.64311	0.05601	0.02452	0.01028	0.00322	0.00462	0.02221	0.00768	0.00670
106	0.02073	0.01800	0.02632	0.16079	0.30166	0.01943	0.01999	0.15659	0.08007	0.03095	0.01987	0.07327	0.01685	0.00966	0.00826	0.00257	0.00904	0.00862	0.00548	0.01185
107	0.11416	0.02015	0.08507	0.22258	0.15550	0.01976	0.05233	0.15323	0.02148	0.05648	0.01607	0.01968	0.01197	0.00819	0.00776	0.00255	0.00974	0.00694	0.00507	0.01128
108	0.01500	0.01387	0.02499	0.05721	0.14224	0.01427	0.15769	0.01930	0.01646	0.02311	0.06815	0.05768	0.02228	0.03111	0.29109	0.00700	0.01505	0.00962	0.00468	0.00922
109	0.01822	0.00941	0.01261	0.01193	0.01453	0.00847	0.00887	0.02081	0.01987	0.21715	0.21013	0.32813	0.04997	0.01842	0.00949	0.00286	0.00512	0.01632	0.00866	0.00903
110	0.08934	0.29249	0.15680	0.02103	0.10793	0.05489	0.04061	0.02478	0.01726	0.05082	0.01594	0.06512	0.01410	0.00869	0.00680	0.00225	0.00934	0.00677	0.00430	0.01073
111	0.02217	0.13932	0.20798	0.02650	0.17552	0.04924	0.06438	0.02758	0.01872	0.12921	0.01706	0.01906	0.01273	0.00773	0.00748	0.00231	0.01000	0.00652	0.00480	0.05172
112	0.25408	0.01830	0.02407	0.03024	0.31648	0.01931	0.01749	0.12136	0.02048	0.08200	0.01597	0.01844	0.01230	0.00793	0.00713	0.00245	0.00829	0.00644	0.00542	0.01182
113	0.02168	0.01997	0.02773	0.16354	0.35057	0.07308	0.02109	0.13367	0.02185	0.02944	0.01617	0.02032	0.01282	0.00805	0.00789	0.00242	0.00986	0.00709	0.04101	0.01175
114	0.02481	0.02230	0.02603	0.10275	0.14939	0.10492	0.04744	0.25662	0.12075	0.03529	0.01912	0.02096	0.01443	0.00896	0.00809	0.00248	0.00985	0.00741	0.00616	0.01224
115	0.01069	0.00826	0.00974	0.00937	0.01163	0.00732	0.00703	0.01377	0.02108	0.02806	0.41644	0.06798	0.32285	0.01826	0.00958	0.00263	0.00395	0.01571	0.00834	0.00732
116	0.02965	0.01532	0.01863	0.01530	0.02087	0.01536	0.01231	0.04103	0.28401	0.40507	0.03243	0.02872	0.02204	0.01045	0.00820	0.00261	0.00670	0.00858	0.00930	0.01341
117	0.00977	0.00823	0.00847	0.00841	0.01107	0.00693	0.00631	0.01200	0.01893	0.02294	0.13787	0.07641	0.60462	0.02017	0.00959	0.00272	0.00408	0.01689	0.00767	0.00693
118	0.01091	0.00827	0.01005	0.00961	0.01177	0.00741	0.00720	0.01420	0.02161	0.02932	0.48470	0.06591	0.25380	0.01779	0.00958	0.00261	0.00391	0.01542	0.00851	0.00741
119	0.77215	0.01569	0.01193	0.01067	0.01569	0.01820	0.00879	0.02385	0.01381	0.03641	0.01130	0.01318	0.00879	0.00753	0.00502	0.00251	0.00628	0.00439	0.00502	0.00879
120	0.31429	0.02988	0.01876	0.01699	0.02149	0.42805	0.01304	0.02913	0.01948	0.02619	0.01207	0.01408	0.00981	0.00804	0.00644	0.00225	0.01143	0.00491	0.00450	0.00917
121	0.77215	0.01569	0.01193	0.01067	0.01569	0.01820	0.00879	0.02385	0.01381	0.03641	0.01130	0.01318	0.00879	0.00753	0.00502	0.00251	0.00628	0.00439	0.00502	0.00879
122	0.01180	0.00787	0.00885	0.00885	0.00885	0.00787	0.00492	0.01180	0.01180	0.01573	0.02557	0.05310	0.02950	0.71483	0.04130	0.00787	0.00787	0.01180	0.00492	0.00492
123	0.01111	0.00848	0.01033	0.01125	0.01267	0.00819	0.00790	0.01517	0.08406	0.02361	0.11735	0.46734	0.14777	0.02216	0.00993	0.00307	0.00470	0.01974	0.00776	0.00741
124	0.77215	0.01569	0.01193	0.01067	0.01569	0.01820	0.00879	0.02385	0.01381	0.03641	0.01130	0.01318	0.00879	0.00753	0.00502	0.00251	0.00628	0.00439	0.00502	0.00879
125	0.03085	0.02273	0.02435	0.01867	0.02516	0.02516	0.01542	0.63716	0.03815	0.05114	0.01948	0.01948	0.01380	0.00974	0.00812	0.00244	0.00893	0.00731	0.00812	0.01380
126	0.01627	0.04197	0.67279	0.02313	0.03512	0.01884	0.02998	0.02570	0.01713	0.02570	0.01456	0.01713	0.01028	0.00771	0.00771	0.00257	0.01199	0.00600	0.00343	0.01199
127	0.01005	0.00718	0.00961	0.01149	0.01204	0.00674	0.00782	0.01159	0.01570	0.02090	0.04463	0.67695	0.05330	0.02526	0.01040	0.00332	0.00485	0.05399	0.00753	0.00664
128	0.03493	0.01617	0.02029	0.01556	0.02189	0.01543	0.01285	0.19794	0.02718	0.50586	0.02869	0.02546	0.01842	0.00996	0.00815	0.00249	0.00744	0.00793	0.00953	0.01381
129	0.01513	0.00756	0.00756	0.00756	0.00945	0.00756	0.00567	0.01891	0.01702	0.03025	0.02647	0.03025	0.02080	0.00945	0.00567	0.00189	0.00378	0.00756	0.75988	0.00756
130	0.03295	0.01836	0.02153	0.01661	0.02292	0.01881	0.01369	0.33408	0.05807	0.33716	0.02588	0.02373	0.01719	0.00994	0.00814	0.00248	0.00788	0.00778	0.00902	0.01376
131	0.00986	0.00715	0.00933	0.01107	0.01171	0.00661	0.00743	0.01132	0.01576	0.02080	0.04755	0.66183	0.09954	0.02505	0.01030	0.00325	0.00466	0.02262	0.00753	0.00661
132	0.03469	0.01656	0.02053	0.01574	0.02209	0.01601	0.01301	0.22396	0.02783	0.47891	0.02815	0.02511	0.01815	0.00995	0.00815	0.00249	0.00753	0.00790	0.00945	0.01381
133	0.02224	0.02458	0.02660	0.06202	0.21117	0.22867	0.01941	0.02518	0.01768	0.02172	0.01277	0.01764	0.01124	0.01005	0.01428	0.00272	0.25137	0.00656	0.00389	0.01021
134	0.01562	0.01133	0.01445	0.01342	0.01573	0.01264	0.01034	0.14263	0.01849	0.02591	0.02359	0.08238	0.02234	0.10499	0.40139	0.00911	0.01567	0.00972	0.04191	0.00835
135	0.19921	0.02333	0.12729	0.06852	0.02716	0.04967	0.04344	0.23243	0.02436	0.10443	0.01729	0.01855	0.01229	0.00862	0.00737	0.00250	0.00920	0.00651	0.00615	0.01167
136	0.01937	0.05726	0.06493	0.08955	0.27388	0.02032	0.18087	0.02809	0.13057	0.02679	0.01841	0.02198	0.01441	0.00788	0.00832	0.00255	0.01028	0.00797	0.00470	0.01187
137	0.07684	0.09404	0.07284	0.01703	0.02224	0.05516	0.05979	0.12611	0.15093	0.03023	0.02837	0.09677	0.08409	0.01197	0.00875	0.00261	0.03563	0.00971	0.00625	0.01064

[intron profile]
# intron distribution associated to block no. 2
# number of protein sequences used:
7
# intra-block associated to block no. 2
# position | nucleotides | absolute frequency
13 2 5

[dist]
# distance from previous block
# <min> <max>
0	2

[block]
# block no. 3 follows, 23 sequences, length 49
# corresponding to MSA columns:
# 602-650
name=unknown_D
#
# <colnr> <probs for GDERKNQSTAVLIFYWHMCP>
#	G	D	E	R	K	N	Q	S	T	A	V	L	I	F	Y	W	H	M	C	P
0	0.12970	0.06580	0.02670	0.03139	0.30810	0.19796	0.01840	0.02797	0.01932	0.07982	0.01514	0.01786	0.01210	0.00780	0.00726	0.00231	0.01023	0.00620	0.00468	0.01129
1	0.26779	0.09707	0.02521	0.02722	0.25491	0.11325	0.01659	0.06248	0.01855	0.02949	0.01341	0.01627	0.01098	0.00761	0.00665	0.00233	0.00909	0.00572	0.00456	0.01084
2	0.24264	0.01140	0.01160	0.01110	0.01396	0.01198	0.00836	0.06871	0.01863	0.03047	0.16777	0.21306	0.09729	0.04667	0.00967	0.00297	0.00543	0.01323	0.00701	0.00804
3	0.01828	0.02498	0.20678	0.13443	0.34862	0.01909	0.08171	0.02462	0.01785	0.02541	0.01506	0.01967	0.01181	0.00745	0.00810	0.00253	0.01082	0.00711	0.00380	0.01189
4	0.01072	0.00826	0.00979	0.00941	0.01165	0.00733	0.00706	0.01384	0.02117	0.02827	0.42757	0.06764	0.31160	0.01818	0.00958	0.00263	0.00394	0.01566	0.00837	0.00733
5	0.01163	0.00846	0.01183	0.01176	0.01292	0.00934	0.00865	0.01395	0.01383	0.01960	0.09191	0.03994	0.02854	0.20851	0.46008	0.01070	0.01656	0.01007	0.00498	0.00675
6	0.01915	0.02189	0.04788	0.03420	0.04241	0.02052	0.63475	0.02599	0.01915	0.02599	0.01642	0.02189	0.01231	0.00684	0.00958	0.00274	0.01368	0.00958	0.00410	0.01094
7	0.01027	0.00780	0.00947	0.00999	0.01162	0.00699	0.00713	0.01262	0.01872	0.02466	0.24189	0.31282	0.25419	0.02121	0.00988	0.00289	0.00425	0.01865	0.00795	0.00699
8	0.01180	0.00787	0.00885	0.00885	0.00885	0.00787	0.00492	0.01180	0.01180	0.01573	0.02557	0.05310	0.02950	0.71483	0.04130	0.00787	0.00787	0.01180	0.00492	0.00492
9	0.01877	0.01730	0.02683	0.02058	0.02519	0.01840	0.14987	0.02235	0.01600	0.05910	0.01438	0.01889	0.01200	0.00956	0.01483	0.00251	0.27439	0.00692	0.00446	0.26767
10	0.01627	0.04197	0.67279	0.02313	0.03512	0.01884	0.02998	0.02570	0.01713	0.02570	0.01456	0.01713	0.01028	0.00771	0.00771	0.00257	0.01199	0.00600	0.00343	0.01199
11	0.16666	0.02415	0.07610	0.02155	0.10486	0.11238	0.01633	0.24208	0.09704	0.03686	0.01759	0.01874	0.01323	0.00879	0.00740	0.00245	0.00927	0.00657	0.00610	0.01187
