[name]
DHC
# Dynein heavy chain

[dist]
# distance from previous block
# <min> <max>
614	1533

[block]
# block no. 0 follows, 16 sequences, length 24
name=HsDHC_F
# note: PSSM column 0 corresponds to original block column 2
#
# <colnr> <probs for GDERKNQSTAVLIFYWHMCP> 
#	G	D	E	R	K	N	Q	S	T	A	V	L	I	F	Y	W	H	M	C	P
0	0.01703	0.01464	0.01829	0.10333	0.02499	0.01216	0.01207	0.02104	0.01755	0.02655	0.01704	0.02351	0.01481	0.00772	0.00692	0.00164	0.00703	0.04575	0.00502	0.60290
1	0.01835	0.01149	0.01437	0.01477	0.01739	0.01056	0.01062	0.02218	0.04673	0.10237	0.10187	0.37163	0.16154	0.02763	0.01279	0.00393	0.00642	0.02442	0.01050	0.01046
2	0.01051	0.00804	0.00964	0.01037	0.01201	0.00718	0.00735	0.01272	0.01883	0.02448	0.18120	0.34687	0.27485	0.02276	0.01032	0.00306	0.00449	0.02000	0.00813	0.00718
3	0.03030	0.03024	0.09223	0.03226	0.07904	0.02641	0.07339	0.11867	0.10635	0.06836	0.05343	0.07887	0.11819	0.01860	0.01332	0.00407	0.01268	0.01620	0.01018	0.01722
4	0.06559	0.12987	0.12657	0.03020	0.08430	0.02738	0.02587	0.03460	0.02727	0.06341	0.06289	0.05037	0.07048	0.02982	0.09090	0.00661	0.01677	0.03331	0.00803	0.01578
5	0.01494	0.01083	0.01395	0.01549	0.01706	0.01038	0.01118	0.04009	0.02341	0.03116	0.10642	0.44859	0.09744	0.03041	0.01342	0.00421	0.00673	0.08484	0.01007	0.00938
6	0.13973	0.02264	0.03416	0.18451	0.10381	0.02462	0.08232	0.03655	0.05103	0.07286	0.02699	0.03272	0.02039	0.01214	0.01092	0.00370	0.01283	0.01072	0.10257	0.01479
7	0.10078	0.03295	0.02326	0.02004	0.02520	0.41299	0.01555	0.21138	0.02780	0.03215	0.01511	0.01661	0.01177	0.00905	0.00764	0.00232	0.01260	0.00601	0.00567	0.01111
8	0.01946	0.02401	0.14848	0.02274	0.09776	0.01565	0.01871	0.02514	0.02024	0.03059	0.02167	0.09556	0.01992	0.01054	0.00853	0.00226	0.00908	0.00899	0.00565	0.39503
9	0.17804	0.01960	0.02354	0.01947	0.02510	0.02145	0.01600	0.04067	0.06181	0.27275	0.02992	0.02989	0.02106	0.01368	0.01480	0.00356	0.13576	0.00941	0.04873	0.01476
10	0.01382	0.01036	0.01339	0.01449	0.01671	0.00941	0.01100	0.01666	0.02010	0.02687	0.05245	0.37743	0.10218	0.02611	0.01196	0.00373	0.00667	0.16577	0.00859	0.09230
11	0.02429	0.02257	0.03797	0.27847	0.21137	0.02462	0.08693	0.07626	0.02555	0.03437	0.02273	0.03377	0.01880	0.01157	0.01111	0.00349	0.01362	0.04252	0.00587	0.01410
12	0.03160	0.15359	0.14388	0.02498	0.03645	0.02847	0.04837	0.08748	0.03001	0.09650	0.03073	0.03216	0.04869	0.01249	0.01053	0.00310	0.01277	0.00989	0.00791	0.15041
13	0.01590	0.07959	0.02527	0.54046	0.04926	0.01873	0.02075	0.02076	0.01682	0.02140	0.01843	0.10157	0.01649	0.01046	0.00843	0.00279	0.01029	0.00917	0.00422	0.00922
14	0.01591	0.01673	0.02037	0.01758	0.01799	0.10536	0.01448	0.01741	0.01131	0.01618	0.00899	0.01437	0.00879	0.01117	0.02013	0.00279	0.66437	0.00569	0.00300	0.00739
15	0.01176	0.00588	0.00845	0.00845	0.00863	0.00588	0.00569	0.00956	0.00937	0.01324	0.01287	0.02094	0.01231	0.02148	0.02368	0.70974	0.00551	0.00588	0.09740	0.00331
16	0.02926	0.10045	0.16102	0.06378	0.12067	0.02984	0.11651	0.03777	0.02722	0.07034	0.02858	0.07920	0.02458	0.01464	0.01391	0.00399	0.04101	0.01325	0.00700	0.01700
17	0.03188	0.07966	0.07118	0.09727	0.04771	0.02662	0.17919	0.04125	0.05652	0.12745	0.03063	0.03448	0.02227	0.01214	0.01191	0.00367	0.01454	0.01190	0.08355	0.01618
18	0.01204	0.00908	0.01119	0.01260	0.01415	0.00823	0.00891	0.01429	0.02035	0.02629	0.10016	0.42310	0.21932	0.02781	0.01210	0.00372	0.00554	0.05391	0.00910	0.00810
19	0.02851	0.02537	0.06325	0.05766	0.03575	0.02420	0.04593	0.14101	0.06434	0.04746	0.04474	0.12645	0.04400	0.07396	0.01900	0.00530	0.01290	0.11476	0.01034	0.01508
20	0.03013	0.07273	0.16433	0.14613	0.10761	0.06032	0.09952	0.04133	0.05752	0.06375	0.02586	0.03115	0.01934	0.01221	0.01231	0.00389	0.01693	0.01100	0.00676	0.01719
21	0.02948	0.02156	0.05622	0.05997	0.05672	0.01857	0.04544	0.03694	0.06077	0.15203	0.06314	0.16802	0.13239	0.02309	0.01381	0.00426	0.01070	0.02027	0.01120	0.01542
22	0.01540	0.01236	0.01412	0.01400	0.01687	0.01252	0.01033	0.02471	0.17014	0.03240	0.18051	0.23105	0.18392	0.02212	0.01129	0.00341	0.00576	0.01929	0.00960	0.01020
23	0.44575	0.06862	0.02829	0.02126	0.02852	0.06168	0.06459	0.05821	0.02289	0.04574	0.01724	0.02078	0.01370	0.01128	0.01024	0.00353	0.05022	0.00746	0.00676	0.01324

[dist]
# distance from previous block
# <min> <max>
65	97

[block]
# block no. 1 follows, 16 sequences, length 65
name=HsDHC_H
# note: PSSM column 0 corresponds to original block column 4
#
# <colnr> <probs for GDERKNQSTAVLIFYWHMCP> 
#	G	D	E	R	K	N	Q	S	T	A	V	L	I	F	Y	W	H	M	C	P
0	0.10844	0.00878	0.00987	0.01097	0.01259	0.00849	0.00770	0.01354	0.01660	0.02395	0.05046	0.47460	0.17822	0.02292	0.00988	0.00320	0.00498	0.02012	0.00750	0.00721
1	0.09690	0.06062	0.03718	0.10368	0.14616	0.02975	0.02573	0.10434	0.06041	0.06942	0.02897	0.03318	0.02231	0.01320	0.01143	0.00368	0.01282	0.01081	0.07378	0.05563
2	0.16359	0.14793	0.06873	0.02132	0.03004	0.03156	0.01917	0.27511	0.03544	0.07974	0.02182	0.02266	0.01610	0.01134	0.00908	0.00305	0.01110	0.00803	0.00839	0.01580
3	0.02615	0.08208	0.02715	0.02002	0.02546	0.02318	0.01592	0.08190	0.10759	0.04220	0.10694	0.05459	0.09171	0.03162	0.07700	0.10399	0.01263	0.01459	0.00973	0.04556
4	0.07327	0.30091	0.16656	0.02560	0.07445	0.03389	0.02414	0.12208	0.02696	0.03695	0.01816	0.02060	0.01453	0.01008	0.00856	0.00283	0.01233	0.00720	0.00584	0.01505
5	0.02608	0.26885	0.25050	0.02536	0.03635	0.09647	0.05733	0.03331	0.02363	0.03003	0.04660	0.02354	0.01849	0.01039	0.00909	0.00289	0.01404	0.00783	0.00508	0.01414
6	0.01335	0.00966	0.01117	0.01168	0.01412	0.00844	0.00842	0.01573	0.02142	0.05599	0.10913	0.29230	0.34224	0.02573	0.01170	0.00349	0.00532	0.02231	0.00925	0.00855
7	0.02065	0.01860	0.03048	0.02377	0.02936	0.01785	0.17412	0.07951	0.02648	0.03503	0.11587	0.06045	0.15780	0.13804	0.02061	0.00485	0.01106	0.01600	0.00808	0.01137
8	0.03499	0.10033	0.11924	0.03072	0.04074	0.10264	0.09221	0.04417	0.05923	0.11796	0.05738	0.04529	0.03156	0.01559	0.01262	0.00390	0.01555	0.05012	0.00897	0.01678
9	0.03122	0.02615	0.03433	0.03157	0.06709	0.05447	0.07604	0.10210	0.08310	0.07334	0.07120	0.17948	0.06794	0.02278	0.01434	0.00436	0.01262	0.02046	0.01106	0.01635
10	0.01256	0.00918	0.01191	0.01343	0.01480	0.00853	0.00969	0.01515	0.02084	0.02766	0.14232	0.42597	0.12984	0.02757	0.01225	0.00379	0.00581	0.09121	0.00925	0.00824
11	0.07825	0.22239	0.27044	0.02971	0.07847	0.03022	0.08698	0.03291	0.02230	0.03230	0.01780	0.02144	0.01394	0.00960	0.00915	0.00304	0.01383	0.00771	0.00484	0.01468
12	0.02087	0.49567	0.20051	0.01738	0.02550	0.02941	0.01898	0.02534	0.01706	0.02165	0.01257	0.01494	0.01081	0.00789	0.00746	0.00214	0.05191	0.00513	0.00360	0.01115
13	0.03238	0.03260	0.03003	0.02489	0.03000	0.24195	0.04619	0.22733	0.03098	0.03762	0.01772	0.02086	0.01411	0.01208	0.01444	0.00308	0.15619	0.00791	0.00653	0.01310
14	0.01980	0.01877	0.03168	0.06913	0.03511	0.01837	0.15222	0.02796	0.07540	0.03441	0.08245	0.19190	0.15084	0.02182	0.01335	0.00402	0.01096	0.02054	0.00893	0.01237
15	0.02058	0.01807	0.02292	0.02034	0.02461	0.05310	0.06538	0.02572	0.02955	0.03918	0.21332	0.08464	0.15724	0.05086	0.01606	0.00434	0.00965	0.07190	0.06098	0.01158
16	0.02973	0.02648	0.03637	0.03562	0.09885	0.07095	0.08840	0.06382	0.03372	0.07010	0.12202	0.12835	0.07868	0.02154	0.01445	0.00425	0.01331	0.03746	0.01036	0.01554
17	0.01264	0.00967	0.01185	0.01269	0.01423	0.00983	0.00896	0.01892	0.14098	0.02590	0.12217	0.48196	0.05292	0.02225	0.01023	0.00321	0.00513	0.01997	0.00818	0.00830
18	0.12083	0.02431	0.04039	0.02971	0.03823	0.02437	0.28867	0.16910	0.02839	0.10712	0.02191	0.02485	0.01569	0.00961	0.01009	0.00311	0.01280	0.00974	0.00709	0.01400
19	0.03379	0.02900	0.02936	0.02823	0.09256	0.11554	0.02008	0.17249	0.23274	0.08596	0.03158	0.03093	0.02346	0.01277	0.01054	0.00329	0.01152	0.01017	0.00945	0.01655
20	0.01133	0.00842	0.01079	0.01230	0.01382	0.00788	0.00945	0.01377	0.01797	0.02309	0.05486	0.35328	0.18912	0.02423	0.01089	0.00345	0.00572	0.21459	0.00782	0.00723
21	0.02661	0.02046	0.03006	0.08412	0.15737	0.02093	0.02309	0.07112	0.03034	0.06606	0.06668	0.20403	0.04831	0.02274	0.01368	0.00426	0.01115	0.04068	0.04321	0.01511
22	0.19684	0.06676	0.03054	0.02296	0.03052	0.02649	0.04345	0.11266	0.03238	0.12974	0.03610	0.08341	0.03168	0.04537	0.01439	0.00447	0.01170	0.05423	0.01038	0.01592
23	0.02941	0.02403	0.02317	0.01844	0.02443	0.10788	0.01494	0.47374	0.03522	0.04537	0.02702	0.02680	0.08850	0.01127	0.00852	0.00252	0.00947	0.00852	0.00784	0.01291
24	0.02015	0.02209	0.09545	0.20725	0.13577	0.01831	0.02201	0.02616	0.02026	0.02948	0.01742	0.02250	0.01386	0.00841	0.00857	0.00240	0.01045	0.00725	0.00496	0.30728
25	0.01556	0.01229	0.01795	0.02006	0.08462	0.01378	0.01314	0.01831	0.01591	0.02267	0.02542	0.04195	0.02533	0.21400	0.36397	0.01177	0.05813	0.01102	0.00526	0.00884
26	0.02376	0.02129	0.02181	0.02178	0.04759	0.08321	0.01558	0.07674	0.03134	0.04000	0.15703	0.12177	0.14953	0.03379	0.09382	0.00623	0.01338	0.01873	0.01004	0.01258
27	0.22067	0.02370	0.06313	0.03757	0.24784	0.02233	0.02311	0.03497	0.02347	0.13065	0.02463	0.03127	0.01963	0.01155	0.00968	0.00334	0.01077	0.03938	0.00726	0.01503
28	0.07662	0.08526	0.02905	0.01927	0.02758	0.02198	0.01578	0.03235	0.02559	0.06665	0.05873	0.03528	0.02815	0.04633	0.04533	0.00425	0.04024	0.00984	0.00800	0.32375
29	0.01338	0.00932	0.01083	0.01122	0.01177	0.00912	0.00687	0.01412	0.01586	0.02084	0.04210	0.16721	0.10449	0.45086	0.06467	0.00803	0.00898	0.01698	0.00674	0.00661
30	0.02288	0.03724	0.25451	0.03496	0.16449	0.08721	0.02889	0.03036	0.02358	0.03172	0.03071	0.12181	0.05682	0.01475	0.01085	0.00341	0.01323	0.01256	0.00598	0.01407
31	0.03144	0.11286	0.13795	0.04526	0.20164	0.03038	0.07482	0.04062	0.05167	0.09334	0.02567	0.02956	0.01971	0.01199	0.01280	0.00364	0.04147	0.01037	0.00702	0.01781
32	0.02800	0.10860	0.13828	0.08687	0.08174	0.06060	0.09682	0.03764	0.04901	0.03752	0.03981	0.07262	0.07529	0.01630	0.01291	0.00401	0.01592	0.01441	0.00736	0.01631
33	0.02117	0.01226	0.01535	0.01395	0.01782	0.01097	0.01085	0.02546	0.02815	0.14044	0.30112	0.07608	0.18546	0.02113	0.01202	0.00342	0.00610	0.03922	0.04768	0.01134
34	0.03098	0.08984	0.04071	0.08024	0.06262	0.08219	0.07456	0.08683	0.05471	0.04139	0.03711	0.16053	0.03669	0.02046	0.01487	0.00424	0.03985	0.01766	0.00887	0.01567
35	0.06676	0.04042	0.16484	0.03684	0.11451	0.06185	0.03069	0.13679	0.03503	0.07090	0.03311	0.03566	0.05520	0.01488	0.01385	0.00391	0.04692	0.01143	0.00839	0.01801
36	0.00722	0.00361	0.00541	0.00541	0.00541	0.00361	0.00361	0.00541	0.00541	0.00722	0.00722	0.01263	0.00722	0.01443	0.01623	0.87915	0.00361	0.00361	0.00180	0.00180
37	0.01919	0.07291	0.30296	0.02607	0.03601	0.02062	0.14612	0.02759	0.02269	0.03231	0.16081	0.03433	0.03250	0.01155	0.01007	0.00305	0.01211	0.01057	0.00591	0.01264
38	0.06220	0.09913	0.07155	0.10807	0.11606	0.08330	0.09949	0.04174	0.02928	0.08898	0.02654	0.03223	0.02048	0.01790	0.04426	0.00494	0.01813	0.01122	0.00741	0.01710
39	0.02818	0.02701	0.04029	0.07735	0.27820	0.05534	0.05136	0.03613	0.04953	0.03892	0.03837	0.04399	0.07587	0.01946	0.04472	0.00481	0.01511	0.01322	0.04532	0.01682
40	0.00849	0.00606	0.00814	0.00970	0.01022	0.00572	0.00677	0.00988	0.01315	0.01748	0.03681	0.67917	0.04370	0.02073	0.00865	0.00277	0.00416	0.09665	0.00622	0.00554
41	0.03933	0.03137	0.03256	0.02881	0.05617	0.09597	0.02192	0.18165	0.06642	0.11121	0.04210	0.06453	0.07229	0.01827	0.01605	0.00402	0.07521	0.01375	0.01076	0.01760
42	0.09785	0.02372	0.06167	0.11560	0.03603	0.05331	0.01994	0.03323	0.10387	0.03730	0.04600	0.21119	0.06947	0.02199	0.01255	0.00418	0.01102	0.01880	0.00903	0.01327
43	0.02429	0.01611	0.01856	0.01720	0.02137	0.01565	0.01276	0.08293	0.05327	0.09425	0.09366	0.19677	0.18312	0.09096	0.01923	0.00501	0.00848	0.02226	0.01137	0.01273
44	0.13610	0.16364	0.04494	0.02840	0.03721	0.05968	0.10319	0.09009	0.05855	0.04449	0.02961	0.06763	0.02653	0.01539	0.01152	0.00382	0.01405	0.04108	0.00822	0.01586
45	0.03321	0.13893	0.20014	0.02697	0.03845	0.02762	0.05086	0.06362	0.02866	0.15428	0.03090	0.06369	0.02410	0.01859	0.04355	0.00457	0.01506	0.01138	0.00837	0.01706
46	0.01865	0.01573	0.01707	0.01671	0.01994	0.04266	0.01242	0.02714	0.10697	0.03764	0.21676	0.17400	0.15133	0.02964	0.05612	0.00501	0.00909	0.02081	0.01077	0.01154
47	0.01029	0.00796	0.00918	0.01009	0.01163	0.00708	0.00697	0.01196	0.01728	0.02173	0.06296	0.36525	0.32612	0.07552	0.01285	0.00352	0.00486	0.02026	0.00763	0.00685
48	0.02493	0.17733	0.32221	0.02696	0.03905	0.02879	0.06869	0.08498	0.02501	0.03455	0.01990	0.02499	0.01578	0.04819	0.01235	0.00355	0.01415	0.00840	0.00536	0.01483
49	0.02684	0.03626	0.17838	0.02525	0.03481	0.06032	0.02576	0.06175	0.05877	0.06742	0.13306	0.06299	0.11437	0.01975	0.01326	0.00403	0.01273	0.03889	0.00983	0.01555
50	0.01403	0.00741	0.01075	0.01091	0.01112	0.00728	0.00732	0.01113	0.01191	0.01571	0.02152	0.08236	0.05656	0.02861	0.02982	0.64895	0.00695	0.00929	0.00425	0.00413
51	0.01632	0.01348	0.01470	0.01630	0.01789	0.05529	0.01195	0.01883	0.02189	0.02760	0.05576	0.35444	0.09712	0.09393	0.01782	0.00492	0.00845	0.13517	0.00914	0.00900
52	0.02993	0.07681	0.11404	0.03470	0.10242	0.08445	0.02722	0.04534	0.15708	0.04120	0.06214	0.06275	0.03312	0.01630	0.01450	0.00399	0.05533	0.01293	0.00863	0.01714
53	0.01454	0.00965	0.01156	0.01112	0.01320	0.00907	0.00809	0.01840	0.02387	0.03489	0.36386	0.06498	0.11004	0.09370	0.01487	0.00364	0.00516	0.01548	0.16523	0.00866
54	0.00980	0.01120	0.02451	0.01751	0.02171	0.01050	0.81303	0.01331	0.00980	0.01331	0.00840	0.01120	0.00630	0.00350	0.00490	0.00140	0.00700	0.00490	0.00210	0.00560
55	0.02493	0.02195	0.03120	0.39401	0.05380	0.09896	0.08724	0.03067	0.02209	0.11188	0.02034	0.02585	0.01472	0.00989	0.00978	0.00310	0.01322	0.00881	0.00561	0.01195
56	0.02959	0.02883	0.03740	0.07924	0.15455	0.08531	0.07300	0.06417	0.15133	0.04093	0.03518	0.10387	0.03089	0.01609	0.01253	0.00390	0.01359	0.01453	0.00859	0.01649
57	0.00722	0.00361	0.00541	0.00541	0.00541	0.00361	0.00361	0.00541	0.00541	0.00722	0.00722	0.01263	0.00722	0.01443	0.01623	0.87915	0.00361	0.00361	0.00180	0.00180
58	0.01897	0.01426	0.01701	0.01687	0.02007	0.01411	0.01279	0.07583	0.05477	0.03953	0.16893	0.24582	0.15453	0.02756	0.01369	0.00414	0.00742	0.07113	0.01114	0.01142
59	0.01317	0.01054	0.01514	0.01451	0.01558	0.01287	0.01125	0.01563	0.01331	0.01934	0.02113	0.03327	0.02053	0.13053	0.48714	0.01126	0.13367	0.00914	0.00445	0.00754
60	0.00506	0.00361	0.00482	0.00578	0.00602	0.00337	0.00386	0.00578	0.00795	0.01060	0.02289	0.85131	0.02747	0.01301	0.00530	0.00169	0.00241	0.01181	0.00386	0.00337
61	0.01483	0.03439	0.64568	0.01891	0.02806	0.10065	0.02340	0.02190	0.01474	0.02068	0.01184	0.01392	0.00852	0.00644	0.00634	0.00208	0.01017	0.00488	0.00291	0.00966
62	0.08413	0.02631	0.02951	0.02671	0.08883	0.05599	0.01909	0.16073	0.03342	0.11230	0.02503	0.02655	0.01867	0.01116	0.00997	0.00281	0.01108	0.00870	0.00881	0.24022
63	0.00842	0.00682	0.00747	0.00731	0.00936	0.00587	0.00548	0.01057	0.01644	0.02085	0.26997	0.06009	0.51591	0.01598	0.00793	0.00222	0.00333	0.01353	0.00659	0.00587
64	0.00957	0.00643	0.00737	0.00756	0.00760	0.00638	0.00432	0.00971	0.01012	0.01350	0.02301	0.12830	0.02675	0.67659	0.03114	0.00606	0.00620	0.01086	0.00432	0.00423

[dist]
# distance from previous block
# <min> <max>
40	55

[block]
# block no. 2 follows, 16 sequences, length 46
name=HsDHC_J
# note: PSSM column 0 corresponds to original block column 3
#
# <colnr> <probs for GDERKNQSTAVLIFYWHMCP> 
#	G	D	E	R	K	N	Q	S	T	A	V	L	I	F	Y	W	H	M	C	P
0	0.01455	0.01085	0.01477	0.05428	0.02062	0.01060	0.01256	0.01788	0.02291	0.03037	0.12752	0.36395	0.10554	0.02893	0.01339	0.00420	0.00723	0.12078	0.00977	0.00931
1	0.09386	0.01735	0.02831	0.06540	0.03231	0.01765	0.11710	0.02579	0.02263	0.05566	0.03975	0.25263	0.04158	0.03216	0.09790	0.00636	0.01412	0.01951	0.00816	0.01177
2	0.02837	0.10414	0.23326	0.07771	0.04931	0.09643	0.14584	0.06686	0.02753	0.03593	0.02066	0.02536	0.01556	0.01074	0.01110	0.00346	0.01696	0.00953	0.00564	0.01559
3	0.02816	0.06057	0.03310	0.06074	0.15149	0.02588	0.02259	0.12298	0.08345	0.04431	0.04279	0.17026	0.06330	0.01991	0.01263	0.00393	0.01118	0.01738	0.00941	0.01593
4	0.00827	0.00588	0.00776	0.00922	0.00958	0.00551	0.00610	0.00937	0.01266	0.01688	0.03602	0.71614	0.04316	0.06635	0.01013	0.00296	0.00405	0.01851	0.00610	0.00537
5	0.02517	0.03279	0.13573	0.06832	0.09806	0.02523	0.21027	0.03403	0.02654	0.03711	0.03127	0.07494	0.04725	0.01348	0.01277	0.00375	0.01588	0.01391	0.00658	0.08692
6	0.03814	0.12328	0.08456	0.07095	0.06249	0.14621	0.02627	0.04586	0.06215	0.12043	0.02738	0.02984	0.02072	0.01408	0.01460	0.00374	0.07437	0.00995	0.00811	0.01687
7	0.10828	0.01853	0.01837	0.01812	0.02219	0.04508	0.01366	0.04776	0.02934	0.06287	0.08624	0.20623	0.10669	0.02615	0.01326	0.00430	0.00903	0.04034	0.11080	0.01278
8	0.03811	0.03739	0.03602	0.03185	0.06030	0.21430	0.06820	0.12680	0.03524	0.07931	0.02973	0.09791	0.02636	0.01640	0.01376	0.00372	0.04723	0.01310	0.00861	0.01564
9	0.06135	0.14268	0.13645	0.03086	0.07925	0.03084	0.02709	0.05937	0.05207	0.06967	0.09115	0.04705	0.06045	0.03970	0.01472	0.00427	0.01341	0.01328	0.00904	0.01732
10	0.06463	0.02689	0.09672	0.08173	0.04112	0.02286	0.10025	0.05000	0.02716	0.03847	0.04695	0.19089	0.08478	0.02232	0.01534	0.00444	0.04312	0.01987	0.00852	0.01394
11	0.00506	0.00361	0.00482	0.00578	0.00602	0.00337	0.00386	0.00578	0.00795	0.01060	0.02289	0.85131	0.02747	0.01301	0.00530	0.00169	0.00241	0.01181	0.00386	0.00337
12	0.07948	0.11025	0.31399	0.03013	0.04408	0.02929	0.06613	0.06137	0.02715	0.06485	0.02336	0.02661	0.01706	0.01160	0.01075	0.00360	0.01539	0.00916	0.03888	0.01688
13	0.10844	0.07351	0.03490	0.07063	0.11988	0.02546	0.04616	0.03070	0.02667	0.03954	0.06831	0.14863	0.08464	0.02129	0.01466	0.00427	0.04092	0.01819	0.00862	0.01457
14	0.01245	0.00827	0.00842	0.00838	0.01082	0.00748	0.00629	0.01542	0.01886	0.02695	0.09159	0.05982	0.35994	0.01642	0.00830	0.00248	0.00412	0.01359	0.31293	0.00748
15	0.02336	0.03031	0.12745	0.03875	0.07461	0.02388	0.27776	0.03183	0.02594	0.03515	0.03910	0.07331	0.09179	0.01490	0.01307	0.00389	0.01556	0.03820	0.00675	0.01438
16	0.01952	0.01826	0.03076	0.09454	0.51916	0.01854	0.02403	0.02443	0.01907	0.02681	0.01976	0.03120	0.01803	0.00975	0.00882	0.00272	0.00981	0.08785	0.00464	0.01230
17	0.17630	0.02182	0.02331	0.01837	0.02537	0.02334	0.01512	0.30174	0.03394	0.18542	0.02537	0.02485	0.01757	0.01117	0.00879	0.00291	0.00908	0.00829	0.05241	0.01483
18	0.00506	0.00361	0.00482	0.00578	0.00602	0.00337	0.00386	0.00578	0.00795	0.01060	0.02289	0.85131	0.02747	0.01301	0.00530	0.00169	0.00241	0.01181	0.00386	0.00337
19	0.08851	0.07264	0.15578	0.02752	0.03768	0.17384	0.02620	0.06929	0.08158	0.11408	0.02745	0.02820	0.02001	0.01282	0.01092	0.00352	0.01555	0.00933	0.00827	0.01679
20	0.10343	0.13671	0.24572	0.02544	0.03726	0.02887	0.02798	0.09934	0.02847	0.09814	0.02494	0.03000	0.01912	0.01244	0.01020	0.00345	0.01340	0.03152	0.00732	0.01625
21	0.01206	0.00892	0.01292	0.01283	0.01429	0.01002	0.00979	0.01498	0.01488	0.02131	0.10835	0.03893	0.02985	0.10536	0.53210	0.01166	0.01897	0.01014	0.00522	0.00741
22	0.00506	0.00361	0.00482	0.00578	0.00602	0.00337	0.00386	0.00578	0.00795	0.01060	0.02289	0.85131	0.02747	0.01301	0.00530	0.00169	0.00241	0.01181	0.00386	0.00337
23	0.01693	0.11707	0.49875	0.02149	0.03185	0.01999	0.02639	0.02496	0.01716	0.02495	0.01577	0.01942	0.01214	0.01550	0.09839	0.00406	0.01346	0.00642	0.00370	0.01161
24	0.11686	0.02868	0.06961	0.07900	0.15869	0.02851	0.02586	0.09695	0.14954	0.04836	0.05639	0.03534	0.02777	0.01361	0.01145	0.00378	0.01208	0.01135	0.00884	0.01733
25	0.01935	0.02040	0.08157	0.04393	0.51371	0.01836	0.02387	0.02461	0.01975	0.02837	0.10218	0.02642	0.02224	0.00890	0.00855	0.00254	0.00940	0.00848	0.00483	0.01256
26	0.01265	0.01115	0.01822	0.64643	0.04095	0.01372	0.01672	0.01694	0.01351	0.01822	0.01329	0.01887	0.01008	0.00686	0.00643	0.00214	0.00815	0.00600	0.11237	0.00729
27	0.02916	0.02076	0.02297	0.02095	0.02532	0.05278	0.01593	0.11935	0.03287	0.10703	0.07922	0.26563	0.07757	0.02583	0.01497	0.00423	0.03823	0.02193	0.01129	0.01398
28	0.03323	0.01846	0.02311	0.01959	0.02451	0.01882	0.01534	0.06997	0.02903	0.20387	0.05325	0.08665	0.11196	0.10298	0.02334	0.00515	0.08446	0.01598	0.04570	0.01458
29	0.00604	0.00403	0.00453	0.00453	0.00453	0.00403	0.00252	0.00604	0.00604	0.00805	0.01309	0.02718	0.01510	0.85402	0.02114	0.00403	0.00403	0.00604	0.00252	0.00252
30	0.00861	0.00738	0.00861	0.00615	0.00984	0.00554	0.00492	0.01046	0.00861	0.01354	0.00738	0.00861	0.00615	0.00308	0.00308	0.00062	0.00308	0.00246	0.00246	0.87941
31	0.00784	0.00738	0.01246	0.84404	0.02861	0.00923	0.01154	0.01061	0.00831	0.01061	0.00738	0.01107	0.00554	0.00415	0.00415	0.00138	0.00554	0.00369	0.00185	0.00461
32	0.00954	0.00641	0.00738	0.00760	0.00765	0.00636	0.00436	0.00970	0.01018	0.01357	0.02331	0.14199	0.02713	0.66238	0.03065	0.00599	0.00615	0.01103	0.00436	0.00426
33	0.00967	0.00687	0.00918	0.00918	0.00982	0.00752	0.00639	0.01095	0.01031	0.01439	0.01944	0.03449	0.02030	0.38102	0.41173	0.00880	0.01266	0.00838	0.00381	0.00510
34	0.00604	0.00403	0.00453	0.00453	0.00453	0.00403	0.00252	0.00604	0.00604	0.00805	0.01309	0.02718	0.01510	0.85402	0.02114	0.00403	0.00403	0.00604	0.00252	0.00252
35	0.01074	0.00790	0.01006	0.01096	0.01223	0.00723	0.00767	0.01305	0.01891	0.02540	0.23104	0.42075	0.14700	0.02298	0.01042	0.00312	0.00454	0.02051	0.00827	0.00723
36	0.14833	0.01789	0.01853	0.01440	0.01958	0.01991	0.01190	0.59367	0.02840	0.04038	0.01505	0.01530	0.01076	0.00777	0.00631	0.00202	0.00704	0.00566	0.00631	0.01076
37	0.02691	0.38838	0.03481	0.01755	0.02378	0.23461	0.01529	0.12169	0.02284	0.02535	0.01349	0.01513	0.01140	0.00815	0.00659	0.00204	0.01104	0.00529	0.00460	0.01105
38	0.03255	0.30383	0.08401	0.02020	0.02963	0.03154	0.01924	0.12728	0.02851	0.12310	0.02205	0.02277	0.01677	0.01040	0.00856	0.00262	0.01102	0.00748	0.00729	0.09114
39	0.02279	0.27069	0.33904	0.02214	0.03320	0.02708	0.02608	0.03027	0.02098	0.05961	0.05013	0.02233	0.01751	0.00963	0.00827	0.00270	0.01199	0.00717	0.00492	0.01346
40	0.00832	0.00594	0.00795	0.00950	0.00995	0.00557	0.00647	0.00959	0.01298	0.01729	0.03690	0.72342	0.04407	0.02089	0.00860	0.00274	0.00401	0.05408	0.00623	0.00549
41	0.00836	0.00598	0.00795	0.00922	0.00977	0.00557	0.00624	0.00980	0.01369	0.01847	0.13039	0.66258	0.04697	0.02002	0.00848	0.00264	0.00379	0.01812	0.00639	0.00557
42	0.02528	0.17566	0.37065	0.02348	0.03514	0.02527	0.02758	0.06827	0.02297	0.10979	0.01980	0.02131	0.01420	0.00956	0.00867	0.00284	0.01240	0.00720	0.00556	0.01436
43	0.00796	0.00667	0.00693	0.00715	0.00915	0.00564	0.00525	0.00959	0.01496	0.01799	0.06373	0.15982	0.62710	0.01755	0.00802	0.00233	0.00347	0.01483	0.00623	0.00564
44	0.00816	0.00592	0.00771	0.00914	0.00968	0.00547	0.00614	0.00937	0.01304	0.01721	0.03948	0.70371	0.09886	0.02070	0.00851	0.00269	0.00385	0.01868	0.00623	0.00547
45	0.31623	0.01845	0.01887	0.01508	0.02119	0.01986	0.01245	0.24304	0.02593	0.20120	0.02030	0.01989	0.01401	0.00933	0.00721	0.00258	0.00768	0.00666	0.00771	0.01234

[dist]
# distance from previous block
# <min> <max>
31	51

[block]
# block no. 3 follows, 16 sequences, length 15
name=HsDHC_L
# note: PSSM column 0 corresponds to original block column 4
#
# <colnr> <probs for GDERKNQSTAVLIFYWHMCP> 
#	G	D	E	R	K	N	Q	S	T	A	V	L	I	F	Y	W	H	M	C	P
0	0.01448	0.01056	0.01411	0.01561	0.01783	0.01019	0.01302	0.01847	0.02275	0.02982	0.14167	0.14899	0.12805	0.02573	0.01276	0.00405	0.00747	0.34645	0.00921	0.00878
1	0.01966	0.01544	0.01997	0.02172	0.06953	0.01585	0.01458	0.07737	0.02571	0.03418	0.05639	0.14444	0.16212	0.08774	0.17330	0.00861	0.01504	0.01824	0.00860	0.01151
2	0.09906	0.01825	0.01918	0.01482	0.02008	0.02027	0.01224	0.63631	0.02966	0.04115	0.01548	0.01562	0.01102	0.00788	0.00647	0.00202	0.00718	0.00582	0.00647	0.01102
3	0.08744	0.02538	0.03619	0.09841	0.12634	0.02558	0.04872	0.10037	0.03351	0.17786	0.03353	0.05960	0.02532	0.01437	0.01219	0.00381	0.01289	0.01239	0.01017	0.05595
4	0.08718	0.09371	0.55035	0.02209	0.03347	0.02063	0.02780	0.02644	0.01745	0.02723	0.01456	0.01710	0.01056	0.00794	0.00755	0.00260	0.01165	0.00595	0.00372	0.01203
5	0.55934	0.06282	0.06019	0.01898	0.08235	0.02300	0.01467	0.02881	0.01756	0.04002	0.01427	0.01693	0.01126	0.00893	0.00661	0.00293	0.00858	0.00574	0.00562	0.01140
6	0.00833	0.02149	0.83250	0.01184	0.01798	0.00965	0.01535	0.01315	0.00877	0.01315	0.00745	0.00877	0.00526	0.00395	0.00395	0.00132	0.00614	0.00307	0.00175	0.00614
7	0.07760	0.02717	0.12727	0.08219	0.06493	0.02178	0.02408	0.03271	0.07367	0.03875	0.10192	0.04380	0.03696	0.03511	0.15200	0.00798	0.01766	0.01254	0.00775	0.01413
8	0.01333	0.00992	0.01251	0.01253	0.01486	0.00909	0.00958	0.01722	0.02496	0.03388	0.38062	0.13173	0.18534	0.02254	0.01176	0.00335	0.00527	0.08274	0.00997	0.00881
9	0.02909	0.07379	0.12999	0.03107	0.07694	0.02487	0.04655	0.05953	0.03220	0.07485	0.12149	0.05100	0.04481	0.01650	0.01277	0.00371	0.01284	0.03641	0.00937	0.11222
10	0.00895	0.00617	0.00756	0.00835	0.00855	0.00597	0.00517	0.00955	0.01133	0.01511	0.02920	0.40806	0.03456	0.38617	0.02114	0.00458	0.00518	0.01450	0.00517	0.00477
11	0.06518	0.12048	0.04312	0.06060	0.08561	0.02928	0.07907	0.05951	0.03046	0.04249	0.04417	0.08345	0.08642	0.01745	0.01251	0.00382	0.01317	0.01524	0.03970	0.06828
12	0.09130	0.03594	0.09328	0.04415	0.15408	0.08139	0.07345	0.04352	0.05516	0.08630	0.02804	0.03435	0.02228	0.04141	0.01751	0.00451	0.05618	0.01159	0.00789	0.01767
13	0.06670	0.02856	0.08903	0.03121	0.11924	0.02356	0.02293	0.11460	0.03132	0.04572	0.03551	0.06133	0.07245	0.01434	0.01111	0.00321	0.01140	0.01185	0.00821	0.19773
14	0.01350	0.00940	0.01096	0.01120	0.01339	0.00858	0.00816	0.01685	0.02268	0.03175	0.23139	0.19536	0.21505	0.02178	0.01075	0.00315	0.00488	0.01888	0.14372	0.00858

[dist]
# distance from previous block
# <min> <max>
45	72

[block]
# block no. 4 follows, 16 sequences, length 20
name=HsDHC_N
#
# <colnr> <probs for GDERKNQSTAVLIFYWHMCP> 
#	G	D	E	R	K	N	Q	S	T	A	V	L	I	F	Y	W	H	M	C	P
0	0.34428	0.01834	0.01887	0.01556	0.02170	0.01943	0.01265	0.11516	0.02399	0.21423	0.02283	0.02348	0.01613	0.01273	0.01083	0.07319	0.00830	0.00746	0.00821	0.01262
1	0.01546	0.01732	0.03744	0.02709	0.03348	0.01628	0.64655	0.02093	0.01581	0.02139	0.01522	0.02241	0.01231	0.00662	0.00802	0.00232	0.01093	0.05799	0.00360	0.00883
2	0.01572	0.01126	0.01385	0.01337	0.01599	0.01067	0.00995	0.02156	0.05466	0.03990	0.39443	0.12192	0.12726	0.02190	0.01205	0.00338	0.00532	0.01918	0.07748	0.01017
3	0.08461	0.01433	0.01706	0.01569	0.01970	0.01394	0.01199	0.02873	0.06405	0.10363	0.31472	0.11635	0.10768	0.02182	0.01253	0.00370	0.00662	0.01879	0.01182	0.01226
4	0.01246	0.00886	0.01094	0.01234	0.01368	0.00814	0.00852	0.01478	0.02010	0.02722	0.10592	0.44923	0.15726	0.02674	0.01163	0.00359	0.00531	0.02379	0.07133	0.00814
5	0.02368	0.01508	0.01759	0.01658	0.02050	0.01560	0.01250	0.03554	0.18594	0.11560	0.09594	0.19970	0.04758	0.01972	0.01114	0.00353	0.00698	0.01710	0.12675	0.01295
6	0.14213	0.01818	0.02066	0.01725	0.02340	0.01804	0.01384	0.09261	0.03175	0.19922	0.16514	0.05036	0.07427	0.01661	0.01104	0.00347	0.00818	0.01344	0.06576	0.01464
7	0.03442	0.03172	0.12348	0.02405	0.03338	0.02721	0.02248	0.25407	0.07914	0.09703	0.03826	0.03791	0.06964	0.01474	0.01125	0.00348	0.01162	0.01157	0.05735	0.01720
8	0.02036	0.02487	0.10821	0.03347	0.04229	0.02147	0.52573	0.06296	0.02091	0.02859	0.01708	0.02213	0.01269	0.00739	0.00968	0.00281	0.01376	0.00945	0.00445	0.01167
9	0.01340	0.01083	0.01213	0.01219	0.01529	0.00996	0.00953	0.01833	0.06339	0.02985	0.17243	0.08803	0.38354	0.02325	0.01164	0.00342	0.00567	0.09879	0.00934	0.00898
10	0.02504	0.01653	0.02451	0.02581	0.06131	0.01610	0.03374	0.02766	0.02631	0.07092	0.08599	0.09816	0.06935	0.12263	0.06530	0.12731	0.01345	0.06822	0.00968	0.01199
11	0.01133	0.00594	0.00850	0.00850	0.00850	0.00594	0.00553	0.00891	0.00891	0.01188	0.01326	0.02438	0.01381	0.14890	0.02757	0.66946	0.00594	0.00649	0.00311	0.00311
12	0.02569	0.02129	0.02402	0.07761	0.03090	0.02460	0.01748	0.08877	0.37117	0.04281	0.03761	0.03753	0.02862	0.01909	0.05711	0.00459	0.01067	0.01137	0.05367	0.01541
13	0.03594	0.03649	0.11017	0.08593	0.06807	0.06424	0.05170	0.06694	0.07915	0.10159	0.03562	0.04509	0.02817	0.01915	0.01829	0.04955	0.03984	0.03660	0.00949	0.01797
14	0.02052	0.31880	0.34996	0.01988	0.02948	0.08121	0.02297	0.02673	0.01807	0.02336	0.01355	0.01582	0.01077	0.00775	0.00691	0.00227	0.01128	0.00545	0.00365	0.01156
15	0.01992	0.01428	0.01745	0.01642	0.01980	0.01425	0.01272	0.06909	0.06041	0.04577	0.33258	0.11078	0.08208	0.02267	0.01297	0.00373	0.00685	0.06151	0.06487	0.01186
16	0.10581	0.04118	0.24772	0.02976	0.04207	0.02667	0.07813	0.06646	0.07863	0.07857	0.06521	0.03402	0.02689	0.01323	0.01160	0.00382	0.01425	0.01105	0.00802	0.01692
17	0.02928	0.08432	0.21322	0.03799	0.09798	0.07101	0.05734	0.04283	0.08611	0.04050	0.03480	0.06012	0.04276	0.01569	0.01276	0.00407	0.01621	0.02768	0.00758	0.01776
18	0.03616	0.01566	0.02027	0.01607	0.02232	0.01427	0.01308	0.08281	0.02833	0.42286	0.11064	0.03782	0.03250	0.01294	0.00964	0.00292	0.00754	0.01063	0.08886	0.01469
19	0.01078	0.00782	0.00938	0.01041	0.01123	0.00728	0.00680	0.01197	0.01570	0.02036	0.04877	0.39636	0.16688	0.21337	0.01955	0.00463	0.00569	0.01951	0.00708	0.00643

[dist]
# distance from previous block
# <min> <max>
29	46

[block]
# block no. 5 follows, 16 sequences, length 42
name=HsDHC_P
# note: PSSM column 0 corresponds to original block column 4
#
# <colnr> <probs for GDERKNQSTAVLIFYWHMCP> 
#	G	D	E	R	K	N	Q	S	T	A	V	L	I	F	Y	W	H	M	C	P
0	0.01951	0.02149	0.08891	0.45990	0.10754	0.02203	0.02692	0.02851	0.07639	0.02758	0.01957	0.02616	0.01475	0.00989	0.00965	0.00319	0.01241	0.00870	0.00489	0.01200
1	0.03209	0.02395	0.03243	0.06150	0.06729	0.04459	0.05411	0.07504	0.05547	0.10626	0.10981	0.15827	0.05693	0.02342	0.01481	0.00450	0.01236	0.03906	0.01177	0.01635
2	0.02248	0.02051	0.03116	0.04334	0.32061	0.02069	0.02337	0.03131	0.10093	0.03504	0.06869	0.10151	0.10366	0.01571	0.01127	0.00341	0.00994	0.01428	0.00755	0.01456
3	0.01213	0.00903	0.01149	0.01287	0.01411	0.00858	0.00891	0.01411	0.01865	0.02443	0.05773	0.42655	0.16576	0.06783	0.09446	0.00562	0.00836	0.02313	0.00833	0.00793
4	0.17859	0.03411	0.11077	0.03034	0.08031	0.06326	0.02527	0.10050	0.05326	0.04988	0.05829	0.04696	0.03189	0.01656	0.01194	0.00408	0.01334	0.06555	0.00892	0.01618
5	0.03109	0.01587	0.01984	0.01619	0.02172	0.01610	0.01312	0.04098	0.22285	0.41194	0.03218	0.02896	0.02184	0.01106	0.00979	0.00277	0.05186	0.00876	0.00940	0.01370
6	0.01037	0.00761	0.00973	0.01122	0.01215	0.00698	0.00764	0.01212	0.01717	0.02264	0.09677	0.56313	0.14140	0.02504	0.01060	0.00329	0.00474	0.02247	0.00794	0.00698
7	0.01480	0.01087	0.01229	0.01268	0.01528	0.01006	0.00922	0.01932	0.04958	0.03290	0.15330	0.22347	0.25271	0.02511	0.01202	0.00359	0.00563	0.02170	0.10591	0.00958
8	0.01815	0.01499	0.01658	0.01556	0.01937	0.01605	0.01182	0.03305	0.29211	0.03614	0.19038	0.11809	0.14140	0.01847	0.01078	0.00329	0.00623	0.01588	0.00984	0.01184
9	0.01529	0.07756	0.05316	0.01427	0.01870	0.01370	0.01234	0.01881	0.02335	0.02878	0.08047	0.16063	0.34805	0.02512	0.01217	0.00367	0.00724	0.06778	0.00897	0.00994
10	0.02831	0.25806	0.09730	0.02215	0.03005	0.03170	0.02132	0.03311	0.02454	0.07880	0.03558	0.07159	0.07212	0.02298	0.06001	0.00491	0.07365	0.01204	0.00723	0.01456
11	0.00924	0.00685	0.00861	0.00817	0.00987	0.00622	0.00613	0.01216	0.01838	0.02546	0.61116	0.05251	0.17185	0.01426	0.00792	0.00214	0.00320	0.01247	0.00720	0.00622
12	0.01859	0.01826	0.02515	0.05590	0.02400	0.02500	0.01821	0.02285	0.07589	0.02189	0.01363	0.01999	0.01257	0.01411	0.02478	0.00356	0.58415	0.00761	0.00419	0.00966
13	0.03797	0.02311	0.03142	0.02446	0.03151	0.07719	0.10509	0.04269	0.02732	0.31606	0.03227	0.03214	0.02208	0.01268	0.01306	0.00335	0.07154	0.01042	0.07017	0.01547
14	0.01560	0.01462	0.02408	0.57922	0.08570	0.01763	0.02183	0.02083	0.01725	0.02202	0.02230	0.02846	0.07676	0.00972	0.00859	0.00280	0.01047	0.00856	0.00419	0.00936
15	0.01111	0.85652	0.02177	0.00711	0.01066	0.01644	0.00711	0.01244	0.00844	0.00977	0.00577	0.00666	0.00533	0.00355	0.00267	0.00089	0.00444	0.00222	0.00178	0.00533
16	0.00883	0.00683	0.00805	0.00774	0.00962	0.00605	0.00581	0.01138	0.01743	0.02319	0.44301	0.05625	0.34142	0.01511	0.00792	0.00218	0.00326	0.01299	0.00690	0.00605
17	0.01892	0.01215	0.01543	0.01445	0.01728	0.01156	0.01064	0.02459	0.06109	0.09153	0.35726	0.13060	0.07836	0.08816	0.01694	0.00423	0.00636	0.01869	0.01102	0.01075
18	0.03691	0.12440	0.07166	0.06504	0.08471	0.03139	0.06396	0.08109	0.05357	0.12420	0.04311	0.04828	0.06397	0.01658	0.01303	0.00405	0.01423	0.03132	0.00999	0.01851
19	0.03241	0.12247	0.06896	0.04246	0.18169	0.07631	0.07168	0.11604	0.03239	0.04228	0.02688	0.08174	0.02413	0.01412	0.01166	0.00355	0.01450	0.01236	0.00745	0.01691
20	0.01093	0.00776	0.01032	0.01213	0.01280	0.00738	0.00850	0.01265	0.01636	0.02172	0.04477	0.55967	0.05287	0.07645	0.01331	0.00385	0.00557	0.10846	0.00762	0.00686
21	0.02181	0.02361	0.06624	0.01901	0.02447	0.06587	0.01623	0.04618	0.03037	0.03885	0.13640	0.12210	0.21916	0.02948	0.04487	0.00500	0.01124	0.02055	0.04606	0.01250
22	0.03000	0.03011	0.07229	0.08585	0.16873	0.02861	0.15061	0.05420	0.03037	0.06060	0.05368	0.08178	0.03135	0.01581	0.01565	0.00428	0.04537	0.01546	0.00790	0.01736
23	0.07740	0.05462	0.06213	0.03589	0.09343	0.02971	0.05855	0.10208	0.03452	0.07117	0.04462	0.05995	0.07329	0.02013	0.01687	0.00455	0.06402	0.07017	0.00973	0.01718
24	0.10523	0.03387	0.04385	0.06972	0.16227	0.12615	0.11545	0.06973	0.02897	0.03991	0.02108	0.02714	0.01704	0.01239	0.01464	0.00379	0.07603	0.01031	0.00651	0.01591
25	0.01108	0.00852	0.01013	0.00989	0.01212	0.00757	0.00736	0.01419	0.02161	0.02881	0.39178	0.10980	0.29775	0.01943	0.01002	0.00278	0.00415	0.01680	0.00864	0.00757
26	0.03097	0.08694	0.08206	0.03143	0.08044	0.03005	0.02476	0.12894	0.03497	0.04774	0.07495	0.08545	0.04004	0.06664	0.02081	0.00496	0.06559	0.03756	0.00938	0.01634
27	0.03502	0.18650	0.07696	0.02525	0.03357	0.13910	0.02228	0.16040	0.10643	0.04269	0.02412	0.02553	0.01892	0.01263	0.01143	0.00323	0.04317	0.00883	0.00780	0.01614
28	0.03221	0.07494	0.02711	0.01959	0.02657	0.02038	0.01576	0.06233	0.07739	0.17065	0.11716	0.12391	0.04791	0.01859	0.01197	0.00351	0.00909	0.01572	0.01141	0.11380
29	0.03150	0.04179	0.15112	0.07395	0.07692	0.10994	0.08875	0.06431	0.11930	0.04186	0.03098	0.03839	0.02463	0.01430	0.01273	0.00401	0.01671	0.03362	0.00790	0.01727
30	0.02986	0.41418	0.08456	0.01852	0.02705	0.03228	0.01801	0.12715	0.02548	0.11277	0.01901	0.01976	0.01478	0.00948	0.00756	0.00243	0.01041	0.00661	0.00624	0.01387
31	0.00995	0.00644	0.00746	0.00746	0.00746	0.00644	0.00425	0.00965	0.00965	0.01287	0.02017	0.04149	0.02308	0.68802	0.03334	0.08858	0.00644	0.00935	0.00395	0.00395
32	0.02889	0.14016	0.19112	0.02908	0.03946	0.03003	0.07313	0.03927	0.07046	0.08456	0.02985	0.08039	0.02525	0.01531	0.01431	0.00385	0.06884	0.01229	0.00747	0.01628
33	0.00722	0.00361	0.00541	0.00541	0.00541	0.00361	0.00361	0.00541	0.00541	0.00722	0.00722	0.01263	0.00722	0.01443	0.01623	0.87915	0.00361	0.00361	0.00180	0.00180
34	0.01980	0.02011	0.06208	0.02737	0.07587	0.01712	0.06341	0.02741	0.06674	0.03649	0.10167	0.27581	0.10538	0.02599	0.01401	0.00429	0.00987	0.02370	0.00991	0.01296
35	0.03038	0.02276	0.03056	0.17649	0.15933	0.02484	0.02242	0.26744	0.03241	0.10413	0.02235	0.02507	0.01619	0.01057	0.00968	0.00299	0.01113	0.00879	0.00761	0.01488
36	0.01573	0.01779	0.03789	0.02733	0.03351	0.01729	0.63694	0.02102	0.01534	0.02102	0.01315	0.01779	0.01006	0.00620	0.00918	0.00232	0.07746	0.00774	0.00335	0.00890
37	0.01373	0.00963	0.01234	0.01399	0.01514	0.00932	0.00980	0.04352	0.02032	0.02759	0.05044	0.54870	0.05880	0.02805	0.01198	0.00382	0.00604	0.05884	0.04948	0.00846
38	0.01680	0.01621	0.02841	0.56158	0.11662	0.01912	0.07697	0.02249	0.01739	0.02266	0.01528	0.02237	0.01161	0.00823	0.00857	0.00279	0.01140	0.00772	0.00384	0.00996
39	0.01306	0.01002	0.01349	0.01297	0.01364	0.01174	0.00941	0.01465	0.01294	0.01836	0.02263	0.04026	0.02367	0.32256	0.31821	0.00993	0.11087	0.01015	0.00465	0.00677
40	0.01612	0.01357	0.02103	0.10841	0.07708	0.01620	0.01670	0.02008	0.01662	0.02372	0.02270	0.03338	0.02067	0.05242	0.42036	0.01155	0.08489	0.00979	0.00494	0.00975
41	0.01572	0.00887	0.01243	0.01289	0.01318	0.00882	0.00877	0.01374	0.01448	0.01923	0.02648	0.10651	0.02884	0.14268	0.03480	0.44804	0.00836	0.06535	0.00547	0.00536

[dist]
# distance from previous block
# <min> <max>
4	28

[block]
# block no. 6 follows, 16 sequences, length 125
name=HsDHC_Q
# note: PSSM column 0 corresponds to original block column 1
#
# <colnr> <probs for GDERKNQSTAVLIFYWHMCP> 
#	G	D	E	R	K	N	Q	S	T	A	V	L	I	F	Y	W	H	M	C	P
0	0.02095	0.01177	0.01340	0.01368	0.01637	0.01165	0.01020	0.02684	0.04973	0.06353	0.06575	0.17794	0.04550	0.02008	0.01051	0.00340	0.00630	0.04024	0.38106	0.01110
1	0.02623	0.02261	0.04744	0.04577	0.03016	0.04503	0.03361	0.05554	0.02939	0.03999	0.09597	0.06179	0.04673	0.09969	0.07955	0.12779	0.01562	0.03337	0.05136	0.01236
2	0.01720	0.01133	0.01319	0.01212	0.01576	0.01016	0.00929	0.02183	0.05412	0.10970	0.24700	0.07533	0.32501	0.02071	0.01113	0.00316	0.00540	0.01755	0.00999	0.01000
3	0.03164	0.14305	0.04833	0.16850	0.07674	0.09844	0.10926	0.08589	0.02975	0.03697	0.02118	0.02732	0.01685	0.01201	0.01285	0.00359	0.04578	0.01009	0.00633	0.01544
4	0.01806	0.01464	0.02279	0.01984	0.02440	0.01345	0.10061	0.02294	0.02592	0.05867	0.16594	0.08624	0.22119	0.02273	0.01301	0.00386	0.00878	0.13657	0.00959	0.01076
5	0.06482	0.01552	0.01747	0.01654	0.02084	0.01551	0.01252	0.03348	0.09968	0.10127	0.11206	0.16338	0.11744	0.02257	0.01228	0.00388	0.00737	0.01921	0.13091	0.01326
6	0.16584	0.21865	0.03360	0.02067	0.02730	0.21981	0.01711	0.03698	0.07611	0.03198	0.02046	0.05063	0.01802	0.01166	0.00847	0.00288	0.01285	0.00798	0.00618	0.01284
7	0.07457	0.02151	0.02767	0.12666	0.03919	0.02249	0.02009	0.09635	0.07599	0.21963	0.08584	0.04202	0.03438	0.01510	0.01180	0.00374	0.01087	0.01240	0.04271	0.01697
8	0.06942	0.06690	0.11893	0.03877	0.07943	0.05668	0.12007	0.14490	0.06198	0.07585	0.02843	0.03152	0.02092	0.01318	0.01275	0.00396	0.01657	0.01167	0.00893	0.01913
9	0.01769	0.01143	0.01344	0.01327	0.01408	0.01126	0.00814	0.01857	0.01876	0.04591	0.06474	0.10084	0.06602	0.46654	0.07475	0.01007	0.01122	0.01746	0.00779	0.00802
10	0.06078	0.02373	0.03301	0.05612	0.05785	0.05822	0.10603	0.03316	0.07671	0.03788	0.05486	0.19438	0.10938	0.02295	0.01391	0.00433	0.01247	0.02096	0.00938	0.01389
11	0.00593	0.00445	0.00668	0.00668	0.00742	0.00519	0.00519	0.00742	0.00668	0.00964	0.01113	0.01632	0.01038	0.03115	0.83756	0.00668	0.01113	0.00445	0.00223	0.00371
12	0.28338	0.03310	0.02992	0.02503	0.03254	0.15439	0.06458	0.07763	0.06140	0.06872	0.02369	0.02760	0.01862	0.03714	0.01229	0.00395	0.01403	0.00923	0.00804	0.01471
13	0.01415	0.01231	0.01434	0.01411	0.01580	0.08067	0.01075	0.01685	0.01457	0.01946	0.02189	0.03293	0.02074	0.10621	0.55150	0.01194	0.02072	0.00891	0.00455	0.00759
14	0.00833	0.02149	0.83250	0.01184	0.01798	0.00965	0.01535	0.01315	0.00877	0.01315	0.00745	0.00877	0.00526	0.00395	0.00395	0.00132	0.00614	0.00307	0.00175	0.00614
15	0.00960	0.00712	0.01041	0.01041	0.01148	0.00819	0.00793	0.01174	0.01067	0.01530	0.01831	0.02823	0.01759	0.12648	0.66255	0.01033	0.01675	0.00746	0.00364	0.00579
16	0.01117	0.00859	0.01289	0.01368	0.01484	0.00806	0.05206	0.01319	0.01662	0.02216	0.04431	0.61407	0.05232	0.02488	0.01077	0.00341	0.00574	0.05644	0.00758	0.00723
17	0.88336	0.00803	0.00611	0.00546	0.00803	0.00932	0.00450	0.01221	0.00707	0.01864	0.00578	0.00675	0.00450	0.00386	0.00257	0.00129	0.00321	0.00225	0.00257	0.00450
18	0.03184	0.03240	0.02412	0.02125	0.02701	0.25347	0.01610	0.03580	0.02849	0.05940	0.06396	0.06427	0.02886	0.01373	0.01005	0.00281	0.01299	0.01045	0.11909	0.14391
19	0.03497	0.02830	0.03435	0.13194	0.04495	0.05890	0.05617	0.16734	0.15209	0.08427	0.03325	0.03496	0.02434	0.01393	0.01194	0.00376	0.01322	0.01164	0.04223	0.01742
20	0.13138	0.13089	0.02659	0.01691	0.02395	0.02225	0.01394	0.09326	0.02479	0.03784	0.02634	0.14025	0.02593	0.01417	0.00899	0.00274	0.00875	0.01133	0.00733	0.23235
21	0.16603	0.01601	0.02406	0.45539	0.13736	0.01898	0.02095	0.02286	0.01672	0.02572	0.01448	0.02051	0.01114	0.00818	0.00778	0.00273	0.01013	0.00692	0.00411	0.00992
