[name]
AA_permease
# Amino acid permease

[dist]
# distance from previous block
# <min> <max>
0	343

[block]
# block no. 0 follows, 5185 sequences, length 17
name=PF00324.14_A
#
# <colnr> <probs for GDERKNQSTAVLIFYWHMCP> 
#	G	D	E	R	K	N	Q	S	T	A	V	L	I	F	Y	W	H	M	C	P
0	0.00563	1.8e-05	2.1e-05	2.2e-05	2.6e-05	0.00464	1.6e-05	0.01857	0.03519	0.01591	0.14704	0.36269	0.29326	0.03460	0.00643	0.00461	1e-05	0.05397	0.01732	1.5e-05
1	0.59411	3.2e-05	0.01012	2.5e-05	3.5e-05	0.02304	2.1e-05	0.05353	0.01226	0.18319	0.01364	0.09083	0.00834	2.1e-05	1.3e-05	5.3e-06	1.4e-05	1.5e-05	0.01072	2e-05
2	0.32970	0.00801	3.6e-05	0.00377	0.00414	0.13019	0.01374	0.16503	0.08184	0.10737	0.01447	0.01101	0.01353	0.00647	0.08322	0.00379	0.00564	0.00871	0.00930	2.1e-05
3	0.02704	2.3e-05	2.8e-05	2.6e-05	3.3e-05	0.00450	0.00782	0.06374	0.08608	0.12487	0.20246	0.04444	0.21323	0.00797	2e-05	0.00959	1.2e-05	0.16987	0.02475	0.01349
4	0.01627	0.00587	2.3e-05	2.2e-05	2.7e-05	1.8e-05	0.03333	3.1e-05	0.03450	0.03910	0.10580	0.07537	0.55824	0.04790	2.5e-05	0.04481	1.1e-05	0.03231	0.00634	1.5e-05
5	0.75643	3.2e-05	2.7e-05	2.3e-05	3.4e-05	3.5e-05	1.9e-05	0.04005	3.2e-05	0.02312	0.00988	3.1e-05	2.2e-05	1.6e-05	1.1e-05	4.8e-06	1.3e-05	1e-05	0.02271	0.14749
6	0.01231	3.1e-05	3.5e-05	3e-05	3.9e-05	3.3e-05	2.4e-05	0.19511	0.31245	0.12957	0.12505	0.05314	0.05323	0.01027	2e-05	0.01692	1.4e-05	0.07047	1.7e-05	0.02122
7	0.67196	3.1e-05	0.00519	0.00893	3.4e-05	3.4e-05	2e-05	0.02776	0.08076	0.02472	0.05494	0.03576	0.02958	0.00958	0.00786	5.7e-06	1.3e-05	0.03542	0.00741	1.9e-05
8	0.00927	1.7e-05	2.1e-05	2.2e-05	2.5e-05	1.6e-05	1.6e-05	0.02814	0.00460	0.01562	0.16329	0.40055	0.19715	0.05806	0.00776	0.06072	0.00436	0.04001	0.00548	0.00486
9	2.5e-05	1.7e-05	2e-05	2e-05	2.1e-05	1.7e-05	1.3e-05	2.6e-05	0.01152	0.00893	0.05136	0.11130	0.03813	0.67859	0.06442	0.01385	1.7e-05	0.02170	1.2e-05	1.2e-05
10	0.00728	0.06634	0.00790	0.00450	0.00625	0.01336	2e-05	0.03544	0.04805	0.07563	0.22992	0.24437	0.09463	0.06490	0.03978	7.3e-06	1.3e-05	0.05580	0.00580	1.7e-05
11	0.32094	3.2e-05	0.02273	0.09308	0.05468	0.00956	0.00789	0.08967	0.11864	0.07775	0.03094	0.13157	0.01470	0.00421	0.01349	5.9e-06	1.5e-05	0.01006	1.3e-05	2.1e-05
12	0.01283	3.2e-05	0.00396	3e-05	3.9e-05	0.02746	0.00653	0.23226	0.13768	0.12222	0.04253	0.06270	0.06398	0.10408	0.02150	6.6e-06	0.00406	0.01033	0.00514	0.14263
13	0.60059	0.00642	3.1e-05	0.00424	0.01423	0.00577	0.00954	0.07951	0.03077	0.15330	0.03488	0.00718	0.00368	0.01011	0.00630	0.00686	1.4e-05	0.00566	1.3e-05	0.02090
14	0.06066	0.03384	0.02968	0.01455	0.05254	0.06174	0.04257	0.11949	0.07669	0.09116	0.03560	0.04973	0.11905	0.05256	0.04335	0.05304	0.01886	0.01009	1.3e-05	0.03479
15	0.03733	2.6e-05	0.00412	0.01242	0.00502	0.00497	0.00548	0.06396	0.09937	0.23376	0.29113	0.05213	0.10501	0.00929	1.9e-05	0.01692	1.2e-05	0.01074	0.00762	0.04066
16	0.00710	0.00801	2.8e-05	2.5e-05	3.2e-05	0.00623	1.9e-05	0.08940	0.05434	0.19345	0.10983	0.23278	0.22148	0.03400	0.02193	6.6e-06	0.00501	0.01629	1.7e-05	1.9e-05

[dist]
# distance from previous block
# <min> <max>
9	28

[block]
# block no. 1 follows, 5185 sequences, length 18
name=PF00324.14_B
#
# <colnr> <probs for GDERKNQSTAVLIFYWHMCP> 
#	G	D	E	R	K	N	Q	S	T	A	V	L	I	F	Y	W	H	M	C	P
0	0.04176	2.1e-05	2.6e-05	2.4e-05	3e-05	2e-05	1.8e-05	0.02608	0.03709	0.20692	0.12294	0.29713	0.14911	0.04890	2.3e-05	0.00486	1.1e-05	0.05203	0.01299	1.8e-05
1	0.01224	2e-05	2.4e-05	2.4e-05	2.8e-05	1.9e-05	1.8e-05	0.00603	0.01737	0.05867	0.14604	0.25451	0.37148	0.08786	0.00905	0.00707	1.3e-05	0.01751	0.01201	1.8e-05
2	0.18599	0.00451	3.1e-05	2.6e-05	3.5e-05	0.00354	0.00339	0.07324	0.09618	0.27319	0.11283	0.02028	0.10643	0.00599	0.01563	0.01868	0.00353	0.02921	0.04225	0.00503
3	0.55926	3e-05	0.00325	2.5e-05	0.00411	0.00506	2e-05	0.04679	0.02798	0.16934	0.02155	0.05062	0.03431	0.01966	0.02223	6e-06	0.00376	0.00365	0.02386	0.00448
4	0.01385	2e-05	2.3e-05	2.2e-05	2.7e-05	1.9e-05	1.6e-05	0.03297	0.05722	0.08518	0.14266	0.24606	0.27062	0.09876	0.00497	0.00398	1.1e-05	0.01786	0.02127	0.00445
5	0.06215	0.00365	0.00334	2.3e-05	2.8e-05	0.00451	1.8e-05	0.01554	0.01451	0.10568	0.18962	0.11654	0.22389	0.10198	0.00484	0.00581	1.2e-05	0.11300	0.01638	0.01848
6	0.01161	0.00634	0.00366	2.5e-05	3.2e-05	0.00855	2e-05	0.06021	0.09796	0.17144	0.23774	0.11065	0.12640	0.02703	0.00805	6.1e-06	1.2e-05	0.07713	0.05311	1.9e-05
7	0.05048	1.9e-05	2.3e-05	2.3e-05	2.7e-05	2e-05	1.7e-05	0.01934	0.03697	0.05338	0.06741	0.22527	0.08989	0.22417	0.18721	0.02105	1.8e-05	0.01484	0.00982	1.5e-05
8	0.02760	2.1e-05	2.4e-05	2.3e-05	2.8e-05	0.00647	0.00383	0.03785	0.03248	0.08861	0.04826	0.25606	0.09960	0.22886	0.00583	0.00345	1.3e-05	0.04101	0.07503	0.04493
9	0.04027	0.00617	0.00681	0.00621	0.00557	0.02084	0.01479	0.05262	0.17962	0.05477	0.21006	0.13538	0.17838	0.01729	0.00672	6e-06	1.2e-05	0.05324	0.00727	0.00397
10	0.10215	2.7e-05	3.2e-05	2.9e-05	3.7e-05	0.04184	0.01241	0.04965	0.04524	0.24286	0.06852	0.04059	0.04750	0.00682	0.00519	6.3e-06	1.5e-05	0.33034	0.00672	2e-05
11	0.00754	0.00279	0.00756	0.20310	0.00736	0.03886	0.07919	0.01412	0.05513	0.01860	0.04083	0.29037	0.05750	0.03744	0.03007	0.01784	0.01340	0.06571	0.00996	0.00263
12	0.03236	3.3e-05	3.9e-05	0.00348	4.2e-05	0.01109	0.03187	0.31346	0.07334	0.24165	0.05541	0.00888	0.02513	0.01155	1.7e-05	5.2e-06	0.00382	0.03152	0.13440	0.02190
13	0.00613	1.8e-05	2.4e-05	0.01175	0.00376	0.00346	0.00442	0.01688	0.03020	0.02369	0.06362	0.39073	0.07958	0.09544	0.18624	0.00616	1.8e-05	0.06806	0.00982	1.5e-05
14	0.46502	0.00393	0.00541	0.00710	3.8e-05	0.00904	2.2e-05	0.09875	0.03026	0.28943	0.02076	0.02193	0.01670	2e-05	1.4e-05	5.2e-06	1.4e-05	0.01208	0.01946	2.2e-05
15	0.00944	0.00365	0.71385	0.02205	0.05621	0.00714	0.01309	0.01427	0.01175	0.07713	0.00962	0.00653	0.00926	0.01690	0.01456	0.00749	0.00704	1.4e-05	8.9e-06	2.4e-05
16	2.5e-05	1.8e-05	2.3e-05	0.00493	2.9e-05	1.7e-05	0.00501	0.00563	0.01367	0.01559	0.05813	0.37037	0.11030	0.05005	0.00705	7.5e-06	1.2e-05	0.35911	1.5e-05	1.5e-05
17	0.13714	3e-05	0.00400	2.8e-05	3.8e-05	0.01096	0.00395	0.14232	0.05728	0.38942	0.11508	0.06792	0.03531	0.00763	1.7e-05	5.4e-06	1.4e-05	0.00635	0.02248	2.3e-05

[dist]
# distance from previous block
# <min> <max>
4	7

[block]
# block no. 2 follows, 5185 sequences, length 21
name=PF00324.14_C
# note: PSSM column 0 corresponds to original block column 2
#
# <colnr> <probs for GDERKNQSTAVLIFYWHMCP> 
#	G	D	E	R	K	N	Q	S	T	A	V	L	I	F	Y	W	H	M	C	P
0	0.76489	0.00671	0.00898	0.01534	0.03848	0.01990	0.00526	0.05669	0.00401	0.02572	2.6e-05	3.1e-05	2e-05	0.00384	1.4e-05	5.3e-06	0.05005	1e-05	1.1e-05	2e-05
1	0.38259	3.9e-05	3.8e-05	3.1e-05	4.3e-05	0.01763	2.5e-05	0.45165	0.03726	0.07414	0.00487	0.00751	2.8e-05	1.9e-05	1.4e-05	5.1e-06	1.6e-05	1.3e-05	0.00687	0.01720
2	0.01393	0.02980	0.02970	0.00269	2.9e-05	0.00456	0.00500	0.03942	0.02759	0.12547	0.04387	0.05001	0.04829	0.50043	0.04070	0.00301	0.00549	0.01054	1.3e-05	0.01947
3	0.03254	2.8e-05	0.00483	0.00614	0.02457	0.02760	0.03066	0.13908	0.04940	0.11440	0.08194	0.02664	0.07603	0.02816	0.30089	1.2e-05	0.01739	0.01061	0.01771	0.01136
4	0.04564	0.10789	0.04124	0.07118	0.02930	0.04689	0.02327	0.08893	0.18334	0.11034	0.08046	0.03094	0.01050	0.01709	0.04881	6.5e-06	0.05264	0.00457	0.00275	0.00419
5	2.5e-05	1.9e-05	2.6e-05	2.6e-05	2.8e-05	0.00318	0.00616	0.01036	2.9e-05	0.00650	0.01767	0.08756	0.02284	0.15609	0.59934	0.03429	0.02225	0.02421	0.00374	0.00568
6	0.05860	2.7e-05	3.3e-05	0.00296	3.7e-05	0.01127	0.00441	0.09133	0.05404	0.40654	0.09568	0.08323	0.12420	0.01367	0.00557	5.6e-06	1.3e-05	0.00768	0.01470	0.02602
7	0.04733	0.03384	0.10344	0.13210	0.06464	0.04594	0.05618	0.15645	0.10697	0.06139	0.01841	0.02109	0.00353	0.00925	0.07556	0.00544	0.04278	0.01016	0.00329	0.00222
8	0.00279	0.07616	0.15190	0.26965	0.19142	0.02039	0.02343	0.00845	0.01000	0.04005	0.04601	0.02063	0.03175	0.01774	0.02923	0.00236	0.03275	0.01162	0.00216	0.01150
9	0.02405	2.5e-05	0.01030	0.00402	3.2e-05	0.01211	0.00289	0.08824	0.05412	0.14996	0.04296	0.07200	0.03635	0.21715	0.22844	0.01148	0.01333	0.00694	0.02559	1.8e-05
10	0.01789	1.8e-05	2.3e-05	0.00271	0.00927	0.00300	0.00267	0.00902	0.00319	0.00869	0.17107	0.26311	0.19080	0.13722	0.08050	0.02447	0.02704	0.03682	0.01245	1.4e-05
11	0.59948	0.15812	0.02301	0.00722	3.9e-05	0.02433	0.00999	0.10281	0.00425	0.01063	2.6e-05	3e-05	2.1e-05	1.7e-05	1.4e-05	0.01310	0.03712	1e-05	0.00385	0.00594
12	0.01828	0.08566	0.14322	0.05218	0.06572	0.03901	0.02045	0.04397	0.00801	0.01865	0.00766	0.01065	0.01133	1.6e-05	0.00389	4e-06	0.01976	0.00265	9.7e-06	0.44887
13	0.05554	0.00943	0.04332	0.06385	0.04937	0.01034	0.00637	0.09790	0.01634	0.15043	0.02006	0.12164	0.02536	0.15053	0.01661	0.06941	0.02381	0.01470	0.01043	0.04455
14	0.01835	2.2e-05	2.8e-05	2.6e-05	0.01000	0.00699	0.00297	0.01366	0.05685	0.24511	0.08412	0.16259	0.04876	0.17132	0.00871	0.08931	1.3e-05	0.03397	0.00399	0.04320
15	0.67337	3.3e-05	0.01615	0.00424	3.7e-05	0.00354	0.00951	0.05111	0.00422	0.19140	0.00934	0.00636	0.00378	0.00999	0.00721	5.5e-06	1.4e-05	1.2e-05	0.00631	0.00338
16	0.06171	0.00804	2.4e-05	0.01028	0.00619	0.00815	0.00633	0.01295	0.02327	0.02962	0.01824	0.01173	0.01261	0.53970	0.18891	0.03998	0.00886	0.00486	0.00855	1.3e-05
17	0.01513	2.4e-05	0.00432	0.00693	3.4e-05	0.00291	0.01876	0.06052	0.08136	0.20931	0.10397	0.19544	0.10348	0.10407	0.01029	0.00263	1.3e-05	0.06988	0.00453	0.00640
18	0.00752	2.6e-05	3.1e-05	0.01322	0.00747	0.02233	0.01360	0.07280	0.18867	0.10987	0.17140	0.10282	0.15973	0.02008	0.02072	0.00424	1.3e-05	0.06532	0.02012	2e-05
19	0.65440	0.01468	0.00683	0.01630	0.00453	0.03114	0.00616	0.04795	0.01355	0.10764	0.02405	0.03461	0.01109	0.00535	1.3e-05	5.3e-06	0.00400	0.01224	0.00251	0.00297
20	0.00475	1.6e-05	2.3e-05	2.2e-05	2.4e-05	1.6e-05	0.00361	0.00622	0.00642	0.02026	0.04511	0.04980	0.05913	0.03183	0.04863	0.70322	1.5e-05	0.01534	0.00557	9.8e-06

[dist]
# distance from previous block
# <min> <max>
21	116

[block]
# block no. 3 follows, 5185 sequences, length 14
name=PF00324.14_E
# note: PSSM column 0 corresponds to original block column 2
#
# <colnr> <probs for GDERKNQSTAVLIFYWHMCP> 
#	G	D	E	R	K	N	Q	S	T	A	V	L	I	F	Y	W	H	M	C	P
0	0.08422	2.1e-05	2.4e-05	2.3e-05	2.9e-05	2e-05	1.7e-05	0.04160	0.01899	0.13640	0.20594	0.15738	0.27140	0.03522	2.2e-05	0.01756	0.00542	0.00870	0.01701	1.7e-05
1	0.01053	0.00926	2.5e-05	2.3e-05	2.7e-05	0.00857	0.00869	0.02348	0.05761	0.10646	0.11329	0.12321	0.12242	0.28464	0.01051	0.02483	1.3e-05	0.01561	0.07421	0.00659
2	0.04321	0.00382	2.5e-05	2.4e-05	2.8e-05	0.01082	0.00686	0.02081	0.04365	0.05171	0.18476	0.25303	0.17963	0.05020	0.01993	0.04857	0.01860	0.04882	0.01130	0.00421
3	0.06804	2.1e-05	2.6e-05	2.4e-05	2.9e-05	2e-05	1.8e-05	0.02206	0.04297	0.17147	0.26408	0.18807	0.09407	0.04324	2.3e-05	0.04406	1.1e-05	0.01233	0.03143	0.01801
4	0.01546	2e-05	2.4e-05	2.3e-05	0.00490	0.01861	1.7e-05	0.01696	0.02389	0.11500	0.15538	0.27270	0.22468	0.11679	0.00558	7.2e-06	1.1e-05	0.01250	0.01141	0.00604
5	0.00526	1.8e-05	2.2e-05	2.2e-05	2.6e-05	0.00554	1.6e-05	0.01705	0.01589	0.02014	0.13605	0.32175	0.24251	0.09018	0.04740	8e-06	1.2e-05	0.06962	0.01945	0.00903
6	0.07467	2.8e-05	0.00489	2.8e-05	3.4e-05	0.03115	0.00488	0.07647	0.22522	0.09602	0.10064	0.11938	0.05364	0.12467	0.01696	0.01636	0.00413	0.03111	0.01971	2e-05
7	0.09121	2.3e-05	2.9e-05	2.6e-05	3.3e-05	2.3e-05	0.02101	0.04618	0.04411	0.23475	0.09786	0.21256	0.11058	0.05846	0.02451	0.02694	0.00469	0.00895	0.01805	1.9e-05
8	0.01132	1.9e-05	2.3e-05	2.3e-05	2.7e-05	0.00497	1.7e-05	0.02786	0.03453	0.07635	0.15988	0.27593	0.25937	0.05317	0.02113	0.00718	1.1e-05	0.05215	0.01128	0.00477
9	0.00574	6.3e-05	4.4e-05	4e-05	4.8e-05	0.68036	0.03606	0.03494	0.01897	0.03736	0.03683	0.06466	0.01695	0.01539	0.00633	5.1e-06	0.01564	0.00443	0.02160	0.00453
10	0.00556	0.00450	2.5e-05	0.00439	2.9e-05	0.00681	1.8e-05	0.05942	0.01728	0.08458	0.08410	0.38871	0.09884	0.07481	0.06689	0.00710	0.00400	0.05553	0.03739	1.6e-05
11	0.00914	2.9e-05	3.5e-05	0.06028	0.01698	0.00530	0.00712	0.03020	0.05096	0.08797	0.12246	0.19627	0.13754	0.12780	0.03684	0.02388	0.00493	0.04922	0.02639	0.00667
12	0.36060	0.01354	0.00637	0.00949	0.00938	0.07110	0.00437	0.30288	0.04231	0.07962	0.00580	0.00494	0.00376	0.01046	0.00681	5.4e-06	0.03825	0.00358	1.3e-05	0.02671
13	3.2e-05	2.2e-05	0.00401	0.01096	0.00594	0.01471	0.00609	0.03163	0.06680	0.09641	0.57045	0.03166	0.07223	0.00801	0.01303	0.00979	0.00391	0.03433	1.7e-05	0.01995

[dist]
# distance from previous block
# <min> <max>
0	8

[block]
# block no. 4 follows, 5185 sequences, length 10
name=PF00324.14_F
#
# <colnr> <probs for GDERKNQSTAVLIFYWHMCP> 
#	G	D	E	R	K	N	Q	S	T	A	V	L	I	F	Y	W	H	M	C	P
0	0.01070	0.03276	0.35068	4.8e-05	0.01538	0.16512	0.20399	0.10329	0.03615	0.02458	0.01298	0.01299	0.00733	0.00924	1.8e-05	0.00622	2.4e-05	0.00850	9.8e-06	2.3e-05
1	0.02233	0.03511	0.01526	0.00939	0.01584	0.09453	0.01284	0.06727	0.12482	0.05613	0.07352	0.07094	0.04295	0.23232	0.08074	0.01380	0.01327	0.01399	0.00493	1.8e-05
2	0.04281	2.1e-05	2.5e-05	0.04080	3.1e-05	0.01200	0.00646	0.02176	0.04721	0.05804	0.19067	0.10290	0.17261	0.06737	0.01263	0.20589	1.3e-05	0.00810	0.01065	1.5e-05
3	0.01569	2.1e-05	2.6e-05	2.5e-05	2.9e-05	0.00716	0.01552	0.03233	0.09328	0.10919	0.04539	0.24424	0.10033	0.27508	0.01454	9.2e-06	1.4e-05	0.03908	0.00804	1.7e-05
4	0.03508	3.4e-05	0.00705	0.02632	0.01088	0.06481	2.5e-05	0.19021	0.20360	0.16661	0.12914	0.05351	0.03030	0.03060	0.00699	0.00638	1.5e-05	0.03020	0.00821	2.3e-05
5	0.03360	2.2e-05	2.6e-05	2.4e-05	3e-05	0.01498	1.8e-05	0.06675	0.03765	0.10036	0.23257	0.17368	0.15590	0.05922	0.01111	0.02552	1.2e-05	0.05393	0.02759	0.00701
6	0.07036	2.1e-05	0.00836	2.3e-05	0.00722	0.01024	1.7e-05	0.02083	0.02423	0.05995	0.14171	0.21246	0.30869	0.06529	0.01452	0.01457	1.1e-05	0.01190	0.02958	1.6e-05
7	0.02695	3.7e-05	0.01373	7.3e-05	0.56796	0.04440	0.05290	0.01072	0.02434	0.05235	0.04438	0.06237	0.03297	0.01498	1.9e-05	5.5e-06	0.00871	0.03600	1.1e-05	0.00710
8	0.01506	1.9e-05	2.3e-05	2.3e-05	0.00758	1.7e-05	1.7e-05	0.01256	0.02820	0.04154	0.34272	0.22818	0.21099	0.03888	0.00730	6.4e-06	1e-05	0.05076	0.00832	0.00780
9	0.06394	2.1e-05	2.4e-05	2.3e-05	2.9e-05	2e-05	1.7e-05	0.03498	0.03571	0.12496	0.18117	0.24753	0.22571	0.02810	0.00773	0.00765	1.1e-05	0.02634	0.01601	1.7e-05

[dist]
# distance from previous block
# <min> <max>
25	79

[block]
# block no. 5 follows, 5185 sequences, length 26
name=PF00324.14_G
#
# <colnr> <probs for GDERKNQSTAVLIFYWHMCP> 
#	G	D	E	R	K	N	Q	S	T	A	V	L	I	F	Y	W	H	M	C	P
0	0.00412	0.00494	2.2e-05	2.1e-05	2.5e-05	1.7e-05	1.5e-05	0.00884	0.02582	0.04206	0.21372	0.13126	0.19003	0.27836	0.00865	0.02500	1.2e-05	0.05992	0.00419	0.00298
1	0.06461	2.2e-05	0.00984	0.00488	0.00652	0.00293	0.02451	0.02979	0.00962	0.12022	0.07949	0.22752	0.11000	0.13322	0.00905	0.04442	1.3e-05	0.03810	0.07138	0.01386
2	0.06016	0.01937	0.01379	0.02425	0.02154	0.02528	0.02348	0.17129	0.11281	0.18713	0.07165	0.09461	0.03383	0.03692	0.02819	6.6e-06	0.00789	0.06226	0.00209	0.00344
3	0.16653	0.00289	3.2e-05	2.7e-05	3.6e-05	0.00661	0.00296	0.10367	0.09508	0.29134	0.19263	0.03547	0.02479	0.00733	0.00931	5.6e-06	1.3e-05	0.01816	0.04023	0.00290
4	0.00910	2.1e-05	2.5e-05	2.5e-05	2.9e-05	0.00737	1.8e-05	0.02575	0.03493	0.16848	0.07622	0.25335	0.06524	0.22535	0.00339	0.00291	1.3e-05	0.11888	0.00580	0.00310
5	0.05743	0.00275	0.00210	3.1e-05	0.00295	0.02235	0.07382	0.11501	0.04932	0.18213	0.15512	0.13168	0.07780	0.00459	0.02697	0.00638	0.00737	0.03199	0.01480	0.03539
6	0.07596	0.00892	3.2e-05	0.00243	0.00566	0.03900	0.04260	0.06711	0.11279	0.08076	0.15346	0.09871	0.19093	0.02949	0.01203	0.00528	0.00239	0.05541	1.5e-05	0.01703
7	0.04080	2.3e-05	2.8e-05	2.5e-05	3.2e-05	2.2e-05	1.9e-05	0.04381	0.07957	0.24240	0.26523	0.09299	0.11410	0.06590	0.00439	6.3e-06	1.2e-05	0.02229	0.02835	2e-05
8	0.04338	2.2e-05	2.5e-05	2.4e-05	2.9e-05	0.02183	1.8e-05	0.04443	0.02162	0.11170	0.12283	0.14195	0.10702	0.21359	0.03250	8.7e-06	1.4e-05	0.09402	0.03575	0.00925
9	0.01369	1.9e-05	2.2e-05	2.1e-05	2.3e-05	0.00505	1.4e-05	0.01336	0.02515	0.01423	0.02307	0.02412	0.00463	0.63217	0.09569	0.06946	1.8e-05	0.00700	0.00404	0.06823
10	0.04181	0.00422	4.2e-05	3.3e-05	4.5e-05	0.01971	2.7e-05	0.37105	0.04653	0.43876	0.01518	0.00751	0.00572	0.01650	0.00853	5.5e-06	1.6e-05	0.00382	0.01479	0.00570
11	2.7e-05	1.8e-05	2.3e-05	2.3e-05	2.5e-05	0.00357	1.6e-05	0.00636	0.02410	0.03058	0.03991	0.04113	0.01323	0.45907	0.33858	0.00376	2.5e-05	0.01898	0.02055	1.4e-05
12	0.15992	0.07209	0.02193	3.3e-05	0.00580	0.01602	0.10831	0.07583	0.11157	0.11263	0.07768	0.11486	0.06472	0.01027	0.00321	0.00605	1.5e-05	0.02964	0.00495	0.00448
13	0.88553	0.00886	2.7e-05	0.00483	3.5e-05	0.00444	0.00521	0.04547	0.00443	0.02934	2.6e-05	0.00362	2e-05	1.6e-05	1.1e-05	5.2e-06	1.4e-05	0.00441	0.00370	1.9e-05
14	0.00523	2.2e-05	2.6e-05	2.4e-05	2.9e-05	0.00391	0.00884	0.05141	0.14393	0.03983	0.10562	0.04217	0.19129	0.22171	0.02648	0.11532	1.4e-05	0.01236	0.00793	0.02386
15	0.01641	0.12248	0.59064	0.01120	0.00410	0.03653	0.03941	0.00721	0.01959	0.01139	0.00973	0.04785	0.02831	0.01977	0.00685	5.6e-06	0.00472	0.02122	8.7e-06	0.00258
16	0.03524	0.00895	0.00336	0.01320	0.00547	0.03783	0.01939	0.11245	0.04621	0.13179	0.06800	0.22939	0.10377	0.04764	0.04541	0.00447	0.00545	0.05900	0.01158	0.01139
17	0.08538	0.00545	2.4e-05	2.2e-05	2.8e-05	2e-05	1.7e-05	0.02695	0.02169	0.08503	0.32464	0.09640	0.30259	0.02472	0.00379	5.9e-06	1e-05	0.00727	0.00985	0.00610
18	0.31192	0.00304	3.4e-05	2.8e-05	3.9e-05	0.03978	2.3e-05	0.11968	0.10732	0.28567	0.05258	0.00423	0.01623	0.00675	1.5e-05	5.2e-06	1.4e-05	0.01092	0.02047	0.02126
19	0.00821	0.00996	0.01026	0.00282	0.00241	0.10965	0.01762	0.08178	0.11417	0.02821	0.14319	0.11708	0.20032	0.03236	0.04965	7e-06	0.01029	0.05399	0.00385	0.00416
20	0.01152	0.00489	0.00287	0.00516	3.7e-05	0.00739	2.3e-05	0.06640	0.19097	0.30198	0.08322	0.10816	0.09197	0.02691	0.00902	6.2e-06	0.00285	0.07398	0.00362	0.00900
21	0.09496	3.1e-05	3.8e-05	3e-05	4.2e-05	0.00415	0.00928	0.14773	0.04087	0.59938	0.05028	0.00549	0.00926	0.00495	0.00649	5.4e-06	0.00470	0.00577	0.01650	2.6e-05
22	0.44728	0.02902	0.16654	0.00609	0.00888	0.02512	0.01687	0.07168	0.01110	0.18668	0.00454	3.8e-05	2.6e-05	0.00262	1.4e-05	5.2e-06	0.01053	0.00286	0.00482	0.00529
23	3.5e-05	0.09538	0.82695	0.01284	0.01213	0.00401	0.00368	0.00608	0.00595	0.00743	0.01830	3.7e-05	0.00346	1.6e-05	1.6e-05	5.2e-06	0.00364	1.3e-05	7.6e-06	2.4e-05
24	0.00339	0.00496	3.5e-05	3e-05	3.8e-05	2.8e-05	0.03821	0.12676	0.18595	0.20339	0.13607	0.12293	0.08553	0.00995	0.00538	5.9e-06	1.3e-05	0.05209	0.02522	2.2e-05
25	0.00533	0.04125	0.13211	0.12342	0.41204	0.01690	0.04317	0.03892	0.00738	0.08859	0.01657	0.00375	0.02723	1.8e-05	0.00261	5.2e-06	0.00944	0.00658	0.00263	0.02207

[dist]
# distance from previous block
# <min> <max>
0	2

[block]
# block no. 6 follows, 5185 sequences, length 21
name=PF00324.14_H
#
# <colnr> <probs for GDERKNQSTAVLIFYWHMCP> 
#	G	D	E	R	K	N	Q	S	T	A	V	L	I	F	Y	W	H	M	C	P
0	0.00811	0.26344	0.05112	0.04023	0.03449	0.45366	0.00766	0.02720	0.03083	0.00646	0.01043	0.01683	0.00508	0.00569	0.01362	4.8e-06	0.01614	0.00621	0.00279	2.1e-05
1	0.00769	3e-05	3.6e-05	0.01797	0.00912	2.4e-05	0.00699	0.03889	3.7e-05	0.06133	0.00659	0.00462	2.8e-05	0.00467	1.4e-05	3e-06	1.3e-05	0.00552	1.1e-05	0.83641
2	0.05268	0.03157	0.15517	0.21476	0.11043	0.01298	0.12381	0.07101	0.03665	0.07648	0.02149	0.00502	0.00380	0.00479	0.01868	0.00940	0.02518	0.00358	0.00262	0.01989
3	0.01118	0.02430	0.03250	0.27243	0.45865	0.01368	0.01920	0.00913	0.03259	0.01378	0.04507	0.00296	0.01793	0.00696	0.00803	0.00317	0.02175	0.00279	9.2e-06	0.00390
4	0.00540	0.06995	0.00638	0.00934	0.02428	0.14793	0.02002	0.17803	0.19394	0.16343	0.08586	0.02568	0.02759	0.00371	0.01085	5.4e-06	0.01784	0.00973	1.5e-05	2.4e-05
5	0.01607	1.9e-05	0.00735	2.3e-05	0.01455	1.7e-05	0.00788	0.00461	0.01449	0.00788	0.15212	0.23560	0.45448	0.00973	0.00578	6.2e-06	1e-05	0.06056	1.6e-05	0.00881
6	0.04903	3e-05	3.7e-05	0.03669	0.05615	0.00848	0.01193	0.01486	0.02666	0.03347	0.03453	0.00486	0.00685	0.01513	0.00627	3.8e-06	0.00589	0.02075	1.1e-05	0.66835
7	0.00672	0.00257	0.00408	0.29544	0.31308	0.00944	0.02170	0.04663	0.02006	0.05219	0.03052	0.07889	0.06903	0.00625	0.00441	0.00966	0.01316	0.00863	0.00244	0.00509
8	0.14309	2.9e-05	3.6e-05	2.9e-05	4e-05	2.8e-05	2.3e-05	0.06457	0.02532	0.67491	0.03219	0.01448	0.02987	2.2e-05	1.6e-05	5.3e-06	1.4e-05	0.00926	0.00605	2.6e-05
9	0.01390	2.2e-05	2.5e-05	0.00686	3e-05	2.2e-05	1.8e-05	0.02143	0.17450	0.05603	0.10443	0.06520	0.41438	0.03961	0.01515	6.4e-06	1.1e-05	0.04520	0.02864	0.01454
10	0.01731	0.00759	0.00248	0.12509	0.16565	0.17505	0.01406	0.01452	0.02570	0.01830	0.05720	0.11682	0.15905	0.04233	0.01013	0.00699	0.01147	0.01588	0.00593	0.00846
11	0.09581	0.00518	0.00842	0.04672	0.03514	0.04988	0.09479	0.15595	0.07424	0.07586	0.04725	0.13287	0.07873	0.01796	0.02161	0.02780	0.01050	0.01277	0.00396	0.00457
12	0.11703	2.8e-05	3e-05	2.6e-05	3.4e-05	0.00442	2.1e-05	0.16406	0.12983	0.10305	0.28923	0.04202	0.11643	0.00777	0.00421	0.00379	1.2e-05	0.00968	0.00829	2.1e-05
13	0.00788	2e-05	0.00403	2.3e-05	2.7e-05	1.8e-05	1.7e-05	0.01241	0.02379	0.06450	0.16056	0.19142	0.22411	0.13805	0.01912	0.01217	0.01453	0.04401	0.00761	0.07570
14	0.06431	2.4e-05	2.9e-05	2.7e-05	3.2e-05	0.00361	0.00468	0.03521	0.02014	0.06710	0.11160	0.14023	0.11052	0.06915	0.09011	0.22675	1.9e-05	0.01442	0.01422	0.02783
15	0.01255	2.5e-05	3.8e-05	0.50676	0.00487	2.9e-05	0.00675	0.01344	0.04869	0.02046	0.07308	0.09767	0.16265	0.00755	0.00909	0.00846	1.7e-05	0.00751	0.02034	1.8e-05
16	0.03517	2.1e-05	2.4e-05	2.2e-05	2.8e-05	2e-05	0.00420	0.03816	0.08442	0.07349	0.18319	0.09097	0.42434	0.01213	2e-05	5.7e-06	1e-05	0.01288	0.03609	0.00481
17	0.08757	2.4e-05	2.7e-05	2.6e-05	3.2e-05	0.00448	2e-05	0.03766	0.18951	0.09824	0.11546	0.22836	0.07939	0.06417	0.00729	0.00583	1.2e-05	0.05338	0.01397	0.01454
18	0.04200	1.9e-05	2.2e-05	0.00759	2.7e-05	1.8e-05	1.6e-05	0.01407	0.03037	0.06527	0.21323	0.26193	0.26253	0.07091	2.4e-05	0.00407	1e-05	0.02025	0.00762	1.6e-05
19	0.00950	1.8e-05	2.2e-05	2.1e-05	2.4e-05	1.8e-05	1.4e-05	0.02811	0.01918	0.05239	0.08263	0.15776	0.11024	0.45064	0.04149	0.01299	1.5e-05	0.01343	0.02150	1.4e-05
20	2.4e-05	0.01113	2.6e-05	2.5e-05	2.8e-05	0.00700	1.9e-05	2.9e-05	2.7e-05	3.8e-05	5e-05	0.00817	0.02432	0.17033	0.76971	2.4e-05	3.8e-05	0.00900	9.5e-06	1.4e-05

[dist]
# distance from previous block
# <min> <max>
27	89

[block]
# block no. 7 follows, 5185 sequences, length 12
name=PF00324.14_K
#
# <colnr> <probs for GDERKNQSTAVLIFYWHMCP> 
#	G	D	E	R	K	N	Q	S	T	A	V	L	I	F	Y	W	H	M	C	P
0	0.27079	0.02595	0.01063	2.3e-05	3e-05	2.5e-05	1.8e-05	0.01704	0.02412	0.10217	0.27528	0.05721	0.06573	0.06792	2.1e-05	6.1e-06	1.2e-05	0.03315	0.04377	0.00612
1	0.01249	2.4e-05	0.01742	2.5e-05	3.3e-05	2.2e-05	0.00709	0.06210	0.03839	0.23184	0.22148	0.08186	0.24437	0.01364	0.01103	5.9e-06	1.2e-05	0.02882	0.01798	0.01138
2	0.01138	1.8e-05	2.3e-05	2.3e-05	2.7e-05	1.7e-05	0.00605	0.01160	0.03115	0.08103	0.12601	0.34710	0.18724	0.07691	0.01792	0.00856	1.1e-05	0.06165	0.03328	1.6e-05
3	0.01266	2.4e-05	2.7e-05	2.5e-05	0.00650	0.00695	1.9e-05	0.03231	0.20442	0.12237	0.14093	0.13151	0.20331	0.06591	0.00581	0.00953	1.2e-05	0.02055	0.03710	1.9e-05
4	0.16487	3.6e-05	3.9e-05	3.1e-05	4.3e-05	0.02457	0.00708	0.32441	0.07689	0.30015	0.01181	0.01017	0.01475	0.03679	0.00879	5.8e-06	1.6e-05	1.6e-05	0.01949	2.5e-05
5	0.01529	2.4e-05	2.9e-05	2.6e-05	3.3e-05	0.00610	0.00627	0.04630	0.13079	0.16249	0.17711	0.13115	0.11963	0.01682	0.01552	6.1e-06	1.2e-05	0.07962	0.05625	0.03655
6	0.01369	2.1e-05	2.4e-05	2.4e-05	2.8e-05	0.00774	1.7e-05	0.05625	0.04904	0.08815	0.05135	0.36355	0.09723	0.17261	0.01546	0.01614	1.3e-05	0.04184	0.01609	0.01073
7	0.23597	0.00724	4e-05	3.2e-05	0.00625	0.01064	2.6e-05	0.41983	0.12622	0.12960	0.01184	0.01267	0.00659	0.01963	0.00615	5.5e-06	1.6e-05	1.5e-05	1.5e-05	0.00720
8	0.06588	3.3e-05	3.7e-05	3.1e-05	4e-05	0.02520	0.00677	0.29272	0.12171	0.20799	0.14808	0.01125	0.02307	0.00973	1.8e-05	5.3e-06	0.00975	0.01404	0.06362	2.4e-05
9	0.21538	0.00502	0.00489	2.6e-05	3.3e-05	0.01977	0.01213	0.03619	0.02404	0.15854	0.05068	0.20881	0.09901	0.01174	0.02384	0.00983	1.3e-05	0.07193	0.04335	0.00477
10	0.02429	0.00550	0.00609	3.3e-05	3.9e-05	0.43182	2.5e-05	0.04623	0.01300	0.02250	0.04001	0.23988	0.06562	0.01878	0.00721	0.00595	2e-05	0.05968	0.01330	1.8e-05
11	0.18274	3.6e-05	0.01951	3.2e-05	4.3e-05	0.01338	0.01013	0.33495	0.05525	0.22090	0.05379	0.02172	0.03158	0.00519	1.7e-05	5.3e-06	0.00922	0.02659	0.00766	0.00725

[dist]
# distance from previous block
# <min> <max>
5	8

[block]
# block no. 8 follows, 5185 sequences, length 14
name=PF00324.14_L
#
# <colnr> <probs for GDERKNQSTAVLIFYWHMCP> 
#	G	D	E	R	K	N	Q	S	T	A	V	L	I	F	Y	W	H	M	C	P
0	0.19025	3.7e-05	0.00525	3.1e-05	4.2e-05	0.03425	0.00518	0.30658	0.10405	0.12425	0.02956	0.01016	0.02896	2.1e-05	0.00944	5.1e-06	1.6e-05	0.01583	0.01313	0.12296
1	3.4e-05	3.2e-05	0.00913	0.78064	0.07168	0.01665	0.04514	0.00690	3.5e-05	0.01954	0.00735	4.7e-05	0.00885	0.00780	0.00715	5.8e-06	0.01896	1.5e-05	8.1e-06	2e-05
2	0.00708	2.4e-05	2.8e-05	2.8e-05	3.3e-05	0.03786	0.01124	0.03645	0.08633	0.02093	0.17107	0.14344	0.13493	0.01041	0.01177	6.6e-06	0.03962	0.25979	0.01087	0.01810
3	0.02470	2e-05	0.01095	0.00736	3e-05	0.01033	0.01481	0.01868	0.01550	0.05792	0.04477	0.50837	0.07751	0.07865	0.01051	0.00611	1.2e-05	0.05609	0.01272	0.04497
4	0.01079	0.02690	0.01588	0.04127	0.02190	0.00859	0.08475	0.00755	0.02072	0.05311	0.03744	0.03582	0.00599	0.18136	0.30678	0.05630	0.03122	0.03556	0.01808	1.6e-05
5	0.13723	0.01475	0.01427	0.00792	0.01732	0.02370	0.06160	0.20851	0.04857	0.29088	0.03895	0.01333	0.00572	0.02688	0.04015	6.4e-06	0.02949	0.00596	0.01073	0.00405
6	0.01509	2e-05	2.6e-05	0.01651	3.2e-05	0.00522	0.00824	0.02453	0.00482	0.09062	0.02614	0.46419	0.04938	0.01558	0.00447	0.01114	0.00707	0.24413	0.00781	0.00499
7	0.12071	3.2e-05	0.00829	0.01825	4.2e-05	0.01161	2.5e-05	0.14957	0.03030	0.54585	0.02027	0.01232	0.03398	2.1e-05	1.6e-05	5.2e-06	1.4e-05	1.7e-05	0.04864	2.5e-05
8	0.00881	0.06479	0.13778	0.18786	0.17155	0.05045	0.08488	0.02711	0.05321	0.04367	0.02719	0.03356	0.01576	0.01656	0.01617	5.9e-06	0.03069	0.02048	0.00942	2.2e-05
9	0.02491	0.31124	0.18309	0.05624	0.04430	0.08431	0.10564	0.04120	0.02956	0.02750	0.01261	0.01805	0.01061	0.00417	0.00437	5e-06	0.02848	0.00565	0.00804	2.2e-05
10	0.58892	0.01376	0.01185	0.07301	0.09311	0.07306	0.01752	0.03575	0.01472	0.01648	0.01059	0.00405	0.00411	0.00523	0.00479	0.00419	0.01970	0.00495	0.00416	2e-05
11	0.00508	0.05624	0.02846	0.02053	0.07410	0.04808	0.10412	0.04362	0.02820	0.02205	0.04781	0.15668	0.07617	0.01817	0.03890	0.02784	0.06786	0.08404	0.00614	0.04588
12	0.05286	0.00536	0.00786	0.01094	0.00899	0.02310	2.1e-05	0.02017	0.01136	0.33070	0.04223	0.17696	0.05701	0.13991	0.03347	0.00868	0.01481	0.05120	0.00435	2e-05
13	0.03540	0.00457	0.00406	0.00426	0.04421	0.01286	0.00492	0.02340	0.01819	0.02592	0.00750	0.01663	0.00401	0.06612	0.00707	0.01400	0.00821	0.00651	1.1e-05	0.69215

[dist]
# distance from previous block
# <min> <max>
4	18

[block]
# block no. 9 follows, 5185 sequences, length 10
name=PF00324.14_M
#
# <colnr> <probs for GDERKNQSTAVLIFYWHMCP> 
#	G	D	E	R	K	N	Q	S	T	A	V	L	I	F	Y	W	H	M	C	P
0	0.02960	0.02021	0.01631	0.23816	0.41085	0.01478	0.03274	0.06222	0.03870	0.03738	0.00946	0.00548	0.00636	0.01286	0.01067	0.00556	0.01385	0.01160	0.00565	0.01757
1	0.03887	0.01049	0.03579	0.22154	0.06633	0.10702	0.04878	0.10514	0.07403	0.03980	0.01006	0.01635	0.00544	0.04838	0.05281	0.02806	0.07847	0.00701	0.00561	3.8e-05
2	0.47205	0.04858	0.02098	0.05393	0.09385	0.06461	0.05392	0.02346	0.00754	0.02818	0.01003	0.01142	0.01253	0.00852	0.00671	5.5e-06	0.04472	0.03147	0.00749	2e-05
3	3.4e-05	0.00844	0.03706	0.06480	0.00728	0.01276	0.02146	0.05925	0.19191	0.04815	0.36936	0.04404	0.09207	0.01193	2e-05	5.7e-06	0.01190	0.01950	1.6e-05	2e-05
4	0.02157	3.2e-05	0.01860	0.01098	4.2e-05	0.01040	0.01361	0.01567	0.01891	0.01375	3.1e-05	3.6e-05	2.6e-05	1.4e-05	0.01090	3.1e-06	1.4e-05	1.1e-05	1e-05	0.86539
5	0.01501	0.01029	0.00671	0.05577	0.01797	0.02342	0.02354	0.03118	0.05690	0.10124	0.14884	0.15104	0.10841	0.02791	0.10124	0.05606	0.03177	0.02730	0.00539	1.8e-05
6	0.03319	3.3e-05	0.00541	0.12577	0.04414	0.13301	0.01438	0.01243	0.04161	0.08253	0.12772	0.03910	0.05406	0.06574	0.07059	0.02621	0.02377	0.03284	0.00549	0.06197
7	0.15538	3.3e-05	3.7e-05	0.01859	4.3e-05	0.03005	2.5e-05	0.16981	0.06491	0.45432	0.01598	0.00913	0.03097	2.2e-05	0.01356	5.4e-06	1.5e-05	1.6e-05	0.02505	0.01207
8	0.01076	2.1e-05	0.01388	2.4e-05	2.8e-05	0.01020	0.00699	0.01702	0.07401	0.02928	0.23256	0.30544	0.20697	0.02150	0.02802	0.00693	1.1e-05	0.01823	0.00914	0.00897
9	0.02026	1.9e-05	2.3e-05	0.00768	0.00709	0.00780	1.7e-05	0.01202	0.05779	0.06344	0.11973	0.32804	0.22584	0.03429	0.02923	0.04391	1.2e-05	0.02805	0.01474	1.6e-05

# created by:
# /gobics/home/okeller/bin/block2patt.pl --max_entropy=0.7 --mode=none PF00324.14.blocks
