[name]
Sec1
# Sec1 family

[dist]
# distance from previous block
# <min> <max>
4	1849

[block]
# block no. 0 follows, 349 sequences, length 37
name=PF00995.16_A
#
# <colnr> <probs for GDERKNQSTAVLIFYWHMCP> 
#	G	D	E	R	K	N	Q	S	T	A	V	L	I	F	Y	W	H	M	C	P
0	0.00033	0.00023	0.00030	0.00034	0.00036	0.00022	0.00023	0.01389	0.00051	0.00069	0.10503	0.70620	0.05588	0.03556	0.00034	0.00010	0.00015	0.04748	0.03196	0.00021
1	0.00032	0.00023	0.00028	0.00030	0.00034	0.00021	0.00021	0.00038	0.00050	0.00067	0.07553	0.44590	0.25355	0.11150	0.01724	0.00011	0.00016	0.02493	0.06742	0.00020
2	0.00030	0.00024	0.00027	0.00029	0.00034	0.00021	0.00021	0.00036	0.00054	0.00067	0.05090	0.33903	0.58577	0.01078	0.00031	9.1e-05	0.00013	0.00915	0.00023	0.00021
3	0.00931	0.00026	0.00031	0.00032	0.00037	0.00024	0.00023	0.01584	0.02927	0.02263	0.16502	0.40134	0.19802	0.10621	0.00691	0.00352	0.00016	0.02588	0.00023	0.01393
4	0.00067	0.93787	0.01367	0.00043	0.00064	0.04212	0.00043	0.00075	0.00051	0.00058	0.00035	0.00040	0.00032	0.00021	0.00016	5.3e-05	0.00027	0.00013	0.00011	0.00032
5	0.00047	0.00044	0.00074	0.97481	0.00168	0.00055	0.00068	0.00064	0.01641	0.00064	0.00045	0.00066	0.00034	0.00025	0.00025	8.2e-05	0.00033	0.00022	0.00011	0.00028
6	0.11415	0.12029	0.04091	0.06813	0.05418	0.21147	0.01384	0.23103	0.06696	0.04023	0.00052	0.00058	0.00040	0.00026	0.00022	7.1e-05	0.00030	0.01205	0.01318	0.01121
7	0.00043	0.08513	0.03077	0.00036	0.00044	0.02182	0.00680	0.01495	0.01915	0.02804	0.25295	0.05864	0.16721	0.19414	0.04595	0.00013	0.02813	0.04038	0.00435	0.00023
8	0.00065	0.93946	0.05324	0.00044	0.00066	0.00095	0.00045	0.00074	0.00050	0.00059	0.00035	0.00040	0.00032	0.00021	0.00016	5.4e-05	0.00027	0.00013	0.00011	0.00032
9	0.00043	0.00032	0.00043	0.01515	0.00049	0.00028	0.05261	0.00051	0.01706	0.04606	0.02185	0.38074	0.03160	0.08614	0.04834	0.00676	0.00021	0.02014	0.04248	0.22841
10	0.02953	0.00037	0.00042	0.00038	0.01018	0.01402	0.00029	0.16964	0.00070	0.13263	0.22389	0.11744	0.26444	0.01432	0.00029	8.3e-05	0.00017	0.01010	0.00379	0.00733
11	0.00070	0.00053	0.01373	0.00050	0.00065	0.00057	0.01580	0.17821	0.57306	0.10854	0.06626	0.00092	0.01516	0.00033	0.00025	8e-05	0.00021	0.00028	0.01346	0.01075
12	0.09273	0.00041	0.00047	0.00037	0.00055	0.00034	0.00029	0.00064	0.01524	0.05090	0.04913	0.04535	0.00059	0.00027	0.00020	5.2e-05	0.00018	0.05860	0.00522	0.67845
13	0.00034	0.00027	0.01715	0.00035	0.00039	0.00025	0.00025	0.01489	0.01335	0.00068	0.08736	0.59380	0.12781	0.05723	0.00038	0.00010	0.03338	0.04723	0.00459	0.00021
14	0.00042	0.00031	0.00043	0.00530	0.00048	0.01063	0.06722	0.01365	0.00052	0.05178	0.03922	0.46557	0.08192	0.00059	0.00033	9.2e-05	0.08373	0.08440	0.09316	0.00024
15	0.00060	0.01344	0.00072	0.00060	0.00068	0.04738	0.04571	0.07973	0.25876	0.00080	0.00060	0.00563	0.01730	0.00038	0.00054	9.4e-05	0.50643	0.02012	0.00016	0.00031
16	0.07474	0.08662	0.23121	0.00070	0.00095	0.01414	0.34283	0.04122	0.08028	0.01767	0.00676	0.00060	0.00039	0.00023	0.00024	7.3e-05	0.00032	0.00022	0.00014	0.10066
17	0.00041	0.00027	0.00034	0.01351	0.00038	0.04603	0.00024	0.00039	0.00042	0.01089	0.06133	0.29394	0.00096	0.09240	0.04829	0.41478	0.00022	0.01487	0.00016	0.00017
18	0.00064	0.00056	0.00057	0.02839	0.00066	0.06560	0.00040	0.09204	0.69194	0.01542	0.04742	0.00093	0.02841	0.00036	0.01665	8.6e-05	0.00905	0.00028	0.00024	0.00037
19	0.00035	0.00026	0.00038	0.00038	0.00042	0.00030	0.00029	0.00043	0.00040	0.00057	0.01597	0.03848	0.00070	0.07350	0.86594	0.00037	0.00060	0.00029	0.00014	0.00021
20	0.02309	0.05660	0.32005	0.06566	0.00778	0.00060	0.47682	0.00075	0.00054	0.00076	0.00048	0.00759	0.00037	0.01504	0.02272	8.9e-05	0.00038	0.00024	0.00012	0.00033
21	0.28748	0.00047	0.00052	0.00041	0.00059	0.00047	0.00034	0.13845	0.01593	0.45832	0.00070	0.00066	0.00047	0.00027	0.00021	7.3e-05	0.00021	0.00020	0.02664	0.06756
22	0.00035	0.00025	0.00033	0.00039	0.00042	0.00024	0.00030	0.00042	0.00051	0.01038	0.00134	0.55238	0.01601	0.01550	0.00034	0.00011	0.00018	0.40012	0.00023	0.00021
23	0.00042	0.00027	0.00032	0.00031	0.00039	0.00025	0.00023	0.02445	0.00703	0.09617	0.28295	0.18775	0.31371	0.00055	0.00028	8.2e-05	0.00014	0.00938	0.07506	0.00024
24	0.00057	0.31877	0.00087	0.00056	0.04513	0.03491	0.01127	0.00064	0.00701	0.01346	0.01398	0.00475	0.00042	0.01376	0.15790	0.00013	0.37526	0.00020	0.00012	0.00028
25	0.00059	0.51843	0.40953	0.02300	0.00084	0.00079	0.00664	0.02953	0.00053	0.00069	0.00039	0.00046	0.00032	0.00023	0.00020	6.5e-05	0.00716	0.00016	0.00011	0.00034
26	0.00036	0.00027	0.00034	0.00034	0.00039	0.00026	0.00674	0.00048	0.07616	0.00986	0.32173	0.34487	0.09172	0.09228	0.03515	0.00011	0.01419	0.00429	0.00023	0.00023
27	0.00721	0.00027	0.02275	0.00034	0.00038	0.00024	0.01565	0.00039	0.00717	0.00063	0.04658	0.46080	0.10233	0.22941	0.07314	0.00015	0.00021	0.03195	0.00020	0.00020
28	0.39785	0.13309	0.07507	0.05288	0.05338	0.07442	0.00042	0.04500	0.02971	0.01137	0.00042	0.00049	0.00033	0.00024	0.00019	6.9e-05	0.01125	0.00016	0.02055	0.09313
29	0.00031	0.00025	0.00028	0.00029	0.00036	0.00022	0.00022	0.00956	0.00054	0.00067	0.02669	0.18621	0.62282	0.03288	0.02607	0.00010	0.00016	0.09191	0.00022	0.00021
30	0.02001	0.08481	0.15278	0.07745	0.23289	0.14942	0.07452	0.03455	0.04542	0.01575	0.02214	0.00059	0.00041	0.00026	0.00027	7.5e-05	0.07060	0.00021	0.00013	0.01771
31	0.11130	0.03925	0.00369	0.03443	0.02733	0.32483	0.06685	0.05645	0.00060	0.02219	0.00061	0.13992	0.00058	0.00039	0.02922	8.5e-05	0.03555	0.02595	0.08049	0.00028
32	0.15429	0.17857	0.01811	0.00054	0.00069	0.52042	0.01126	0.04459	0.01785	0.00074	0.00043	0.00053	0.00036	0.00026	0.00021	6.7e-05	0.00556	0.03430	0.01093	0.00030
33	0.01508	0.00047	0.00071	0.21681	0.20292	0.01525	0.08630	0.06132	0.08295	0.01829	0.08699	0.03368	0.08013	0.00907	0.01936	8.8e-05	0.01553	0.03769	0.01705	0.00031
34	0.00039	0.01105	0.00037	0.00035	0.00041	0.00028	0.00026	0.00052	0.06517	0.03434	0.43090	0.11698	0.08375	0.01214	0.22319	0.00015	0.00442	0.00041	0.00023	0.01470
35	0.00061	0.14008	0.10977	0.06470	0.19963	0.07687	0.02645	0.07448	0.12727	0.01327	0.04452	0.01084	0.03174	0.00495	0.01957	8e-05	0.00935	0.00465	0.02250	0.01867
36	0.00790	0.00027	0.00037	0.00037	0.00042	0.00027	0.03912	0.00044	0.02768	0.00071	0.20242	0.31743	0.11881	0.09047	0.14485	0.00015	0.02269	0.02520	0.00021	0.00022

[dist]
# distance from previous block
# <min> <max>
11	56

[block]
# block no. 1 follows, 349 sequences, length 13
name=PF00995.16_B
# note: PSSM column 0 corresponds to original block column 1
#
# <colnr> <probs for GDERKNQSTAVLIFYWHMCP> 
#	G	D	E	R	K	N	Q	S	T	A	V	L	I	F	Y	W	H	M	C	P
0	0.00037	0.00027	0.00031	0.00032	0.00035	0.02815	0.00021	0.00041	0.00046	0.03192	0.08117	0.30568	0.09166	0.37578	0.05091	0.01448	0.00021	0.01694	0.00019	0.00019
1	0.00039	0.00024	0.00033	0.00033	0.00034	0.00025	0.00022	0.00038	0.01656	0.00050	0.00067	0.00112	0.03194	0.26087	0.23434	0.43148	0.00032	0.01944	0.00013	0.00015
2	0.01476	0.00711	0.04147	0.08070	0.09147	0.10562	0.04029	0.11818	0.02837	0.12518	0.14377	0.08914	0.02301	0.00040	0.02301	8.6e-05	0.00528	0.02680	0.03505	0.00031
3	0.03882	0.05824	0.33458	0.06970	0.11054	0.04580	0.12952	0.05894	0.03821	0.11256	0.00053	0.00060	0.00039	0.00024	0.00024	7.6e-05	0.00032	0.00021	0.00015	0.00036
4	0.00052	0.00049	0.00046	0.00045	0.01202	0.19965	0.00033	0.02422	0.06062	0.02805	0.04996	0.25146	0.16694	0.01220	0.04287	0.00010	0.10542	0.01102	0.03295	0.00025
5	0.03894	0.00044	0.00693	0.51092	0.13082	0.00050	0.00864	0.05763	0.00867	0.01656	0.00065	0.02981	0.01082	0.00033	0.00026	8.5e-05	0.00028	0.15408	0.02331	0.00029
6	0.11325	0.16285	0.01136	0.00050	0.01485	0.12955	0.00041	0.02004	0.01092	0.01978	0.00051	0.00921	0.02929	0.05331	0.14322	0.02742	0.25290	0.00021	0.00013	0.00027
7	0.01670	0.01747	0.06501	0.03390	0.13125	0.02503	0.06414	0.12096	0.02826	0.11218	0.01316	0.25148	0.03456	0.00044	0.00028	8.5e-05	0.01356	0.07101	0.00020	0.00031
8	0.00071	0.01622	0.02767	0.00060	0.00071	0.36053	0.06012	0.04190	0.00058	0.05360	0.00788	0.02259	0.02316	0.02107	0.00041	8e-05	0.26797	0.00022	0.00014	0.09385
9	0.00034	0.00024	0.00027	0.00028	0.00031	0.00023	0.00018	0.00036	0.00044	0.00056	0.02807	0.03430	0.29817	0.55630	0.03588	0.02248	0.00021	0.02101	0.00018	0.00017
10	0.17286	0.00054	0.00057	0.02112	0.02202	0.09351	0.02194	0.10917	0.02533	0.25412	0.00062	0.01049	0.01487	0.00026	0.00021	6.5e-05	0.00023	0.00020	0.00020	0.25166
11	0.03202	0.28078	0.18154	0.00973	0.06633	0.04614	0.05035	0.04029	0.05899	0.05120	0.07552	0.00816	0.04771	0.00500	0.01321	7.6e-05	0.01099	0.00523	0.01641	0.00032
12	0.00043	0.00027	0.00034	0.00032	0.00039	0.00025	0.00024	0.01444	0.00063	0.10611	0.49979	0.17768	0.10834	0.05045	0.00033	8.9e-05	0.00014	0.00046	0.03906	0.00024

[dist]
# distance from previous block
# <min> <max>
20	48

[block]
# block no. 2 follows, 349 sequences, length 8
name=PF00995.16_D
# note: PSSM column 0 corresponds to original block column 6
#
# <colnr> <probs for GDERKNQSTAVLIFYWHMCP> 
#	G	D	E	R	K	N	Q	S	T	A	V	L	I	F	Y	W	H	M	C	P
0	0.03065	0.06373	0.02851	0.00059	0.01928	0.17077	0.04888	0.35352	0.22767	0.00927	0.01199	0.00068	0.00050	0.00029	0.00025	7.5e-05	0.01464	0.01812	0.00020	0.00036
1	0.00050	0.00041	0.01598	0.00043	0.01896	0.02434	0.01508	0.03905	0.27692	0.06246	0.09877	0.12845	0.22961	0.01235	0.00029	8.6e-05	0.00018	0.06219	0.00023	0.01372
2	0.08298	0.03554	0.10697	0.10201	0.14922	0.05432	0.06874	0.13823	0.07482	0.15947	0.00750	0.00900	0.00045	0.00026	0.00024	7.6e-05	0.00028	0.00022	0.00018	0.00950
3	0.03020	0.34609	0.20302	0.03769	0.11110	0.05203	0.07850	0.01891	0.00054	0.03228	0.01005	0.02477	0.00040	0.00026	0.00024	7e-05	0.04324	0.01016	0.00013	0.00033
4	0.00038	0.00028	0.00034	0.00038	0.01006	0.02023	0.00028	0.00047	0.03448	0.03909	0.02606	0.48800	0.13062	0.01231	0.01118	0.00010	0.00018	0.22511	0.00023	0.00023
5	0.04594	0.00055	0.02077	0.10209	0.26448	0.01198	0.13513	0.12962	0.10891	0.05569	0.01326	0.04233	0.00058	0.00031	0.00026	8.1e-05	0.00028	0.06722	0.00018	0.00035
6	0.01625	0.05423	0.12274	0.05013	0.14241	0.13705	0.15431	0.12695	0.03075	0.05275	0.01852	0.01058	0.03349	0.00028	0.00026	7.6e-05	0.02035	0.02838	0.00016	0.00034
7	0.00056	0.00033	0.00040	0.00038	0.01152	0.01790	0.00028	0.00066	0.05803	0.23427	0.02125	0.07849	0.07758	0.30183	0.03802	0.00015	0.00023	0.14286	0.01504	0.00026

[dist]
# distance from previous block
# <min> <max>
0	4

[block]
# block no. 3 follows, 349 sequences, length 25
name=PF00995.16_E
#
# <colnr> <probs for GDERKNQSTAVLIFYWHMCP> 
#	G	D	E	R	K	N	Q	S	T	A	V	L	I	F	Y	W	H	M	C	P
0	0.00036	0.00026	0.00034	0.00037	0.00041	0.00025	0.00027	0.02293	0.02227	0.02045	0.04909	0.52268	0.05367	0.03609	0.14491	0.00015	0.00024	0.12483	0.00022	0.00022
1	0.04062	0.00049	0.01602	0.02625	0.04573	0.02519	0.03147	0.01145	0.06672	0.00903	0.00053	0.00059	0.02291	0.00021	0.00020	4.9e-05	0.00021	0.00018	0.00015	0.70200
2	0.06377	0.01078	0.25410	0.00614	0.08481	0.02292	0.29183	0.04292	0.01846	0.05510	0.03493	0.00065	0.00044	0.00026	0.00030	8e-05	0.08397	0.00784	0.00014	0.02056
3	0.00039	0.00028	0.00039	0.00039	0.00044	0.00030	0.03313	0.02083	0.02451	0.02316	0.01656	0.24653	0.06322	0.16668	0.29694	0.00021	0.01567	0.08997	0.00018	0.00022
4	0.05019	0.00712	0.03319	0.14851	0.20341	0.05253	0.25963	0.02932	0.05243	0.00078	0.00060	0.06849	0.00053	0.03323	0.00029	8.6e-05	0.00031	0.04692	0.00015	0.01227
5	0.00960	0.03509	0.20197	0.02892	0.32404	0.00858	0.08405	0.04097	0.02889	0.13735	0.00060	0.03181	0.00048	0.00030	0.01183	8.2e-05	0.02476	0.03017	0.00016	0.00036
6	0.00784	0.03530	0.26734	0.02851	0.08075	0.03330	0.16835	0.00720	0.01427	0.06566	0.00695	0.12008	0.01059	0.03579	0.00030	8.9e-05	0.00030	0.09508	0.02201	0.00031
7	0.00699	0.00052	0.03543	0.06165	0.19651	0.00053	0.09781	0.14808	0.01310	0.01308	0.02446	0.11472	0.06949	0.03333	0.00038	9.1e-05	0.14831	0.03503	0.00017	0.00031
8	0.17648	0.03662	0.07823	0.13507	0.12286	0.06317	0.06672	0.08240	0.05380	0.10436	0.00835	0.00069	0.00045	0.01306	0.00025	8e-05	0.02051	0.03305	0.00352	0.00033
9	0.01617	0.00674	0.02066	0.00505	0.22907	0.13721	0.01809	0.17410	0.04290	0.04246	0.01374	0.11022	0.02060	0.07767	0.00035	9.1e-05	0.02594	0.04006	0.01855	0.00032
10	0.00037	0.00028	0.00035	0.00036	0.00826	0.01092	0.02091	0.00047	0.04491	0.02249	0.16883	0.32963	0.18981	0.05298	0.11780	0.00013	0.00022	0.02062	0.01043	0.00023
11	0.00832	0.17944	0.06096	0.04451	0.05602	0.04644	0.00907	0.30950	0.11254	0.08980	0.01691	0.03012	0.00050	0.00030	0.00025	0.02148	0.01305	0.00023	0.00019	0.00036
12	0.00051	0.02785	0.02425	0.01131	0.21762	0.03853	0.01502	0.01716	0.11513	0.04163	0.09373	0.22223	0.07228	0.00044	0.00027	8.2e-05	0.00021	0.04566	0.05578	0.00030
13	0.00053	0.00052	0.00074	0.00844	0.00065	0.00072	0.00884	0.00058	0.00038	0.00059	0.00036	0.02502	0.00037	0.00988	0.02096	0.00011	0.92069	0.00023	0.00011	0.00027
14	0.00046	0.00038	0.00042	0.02485	0.00051	0.03328	0.00031	0.00074	0.32675	0.00946	0.23193	0.15557	0.11679	0.01108	0.00029	8.6e-05	0.00017	0.06456	0.00024	0.02213
15	0.10894	0.03726	0.05839	0.02011	0.07700	0.24497	0.02999	0.10938	0.10504	0.08966	0.00058	0.00062	0.01847	0.00030	0.01006	7.8e-05	0.07293	0.00021	0.01570	0.00033
16	0.00035	0.00025	0.00031	0.00034	0.02479	0.00023	0.00024	0.00041	0.00054	0.04253	0.08327	0.37914	0.39440	0.03358	0.00033	9.5e-05	0.00015	0.03860	0.00023	0.00022
17	0.00081	0.00040	0.00052	0.00043	0.00057	0.00038	0.01578	0.06484	0.08041	0.51465	0.09537	0.02953	0.04138	0.00647	0.03319	9.1e-05	0.02202	0.03863	0.05416	0.00035
18	0.13889	0.06037	0.34196	0.01806	0.01397	0.04422	0.08888	0.05753	0.13812	0.02177	0.00662	0.00060	0.00041	0.00027	0.00937	8e-05	0.03738	0.00020	0.02097	0.00034
19	0.01268	0.11199	0.30189	0.01952	0.11070	0.00424	0.02790	0.12084	0.02905	0.10304	0.02158	0.08084	0.00055	0.00034	0.02056	8.4e-05	0.01951	0.01418	0.00017	0.00035
20	0.00037	0.00025	0.00029	0.00029	0.00036	0.00023	0.00022	0.01325	0.00054	0.04398	0.04130	0.28761	0.40211	0.02437	0.00030	8.8e-05	0.00014	0.02898	0.15510	0.00022
21	0.00811	0.04519	0.00054	0.02069	0.05587	0.09188	0.00545	0.12943	0.02772	0.02132	0.04042	0.21105	0.03951	0.02188	0.00033	0.01297	0.03129	0.23586	0.00020	0.00027
22	0.03923	0.07336	0.13973	0.14111	0.24784	0.09309	0.04677	0.10977	0.00562	0.04920	0.00048	0.00059	0.00037	0.00025	0.00026	7.5e-05	0.03860	0.00766	0.00014	0.00585
23	0.00050	0.00049	0.03672	0.02773	0.11557	0.05252	0.13570	0.02264	0.04375	0.01689	0.08628	0.09601	0.12870	0.05172	0.03623	0.00567	0.10641	0.03046	0.00574	0.00028
24	0.00042	0.00031	0.00038	0.00038	0.03209	0.00031	0.00027	0.00060	0.16098	0.05158	0.17468	0.09064	0.26620	0.09111	0.09089	0.00013	0.00021	0.03833	0.00022	0.00025

[dist]
# distance from previous block
# <min> <max>
2	12

[block]
# block no. 4 follows, 349 sequences, length 12
name=PF00995.16_F
#
# <colnr> <probs for GDERKNQSTAVLIFYWHMCP> 
#	G	D	E	R	K	N	Q	S	T	A	V	L	I	F	Y	W	H	M	C	P
0	0.00035	0.00025	0.00030	0.00033	0.00035	0.01955	0.00022	0.00039	0.00048	0.01814	0.07183	0.51066	0.08513	0.25006	0.01202	0.00013	0.00852	0.02087	0.00021	0.00020
1	0.02520	0.30796	0.06831	0.10781	0.01538	0.03664	0.05037	0.02268	0.00997	0.02633	0.01259	0.11151	0.00061	0.06556	0.01815	0.04485	0.01524	0.04922	0.00014	0.01148
2	0.03014	0.14200	0.17188	0.04970	0.23467	0.02950	0.04643	0.05276	0.02649	0.02570	0.05371	0.06536	0.00484	0.00035	0.03674	8.6e-05	0.00954	0.00025	0.00834	0.01154
3	0.00590	0.03536	0.00724	0.02107	0.01906	0.01296	0.00778	0.04121	0.01452	0.02883	0.17264	0.22038	0.14672	0.08494	0.12747	0.00014	0.00024	0.04613	0.00719	0.00024
4	0.08115	0.00036	0.00043	0.00039	0.00047	0.00038	0.03323	0.17822	0.01731	0.03731	0.01131	0.23291	0.04975	0.17972	0.04509	0.00012	0.01431	0.01220	0.10508	0.00026
5	0.03386	0.02171	0.37680	0.05783	0.13047	0.05438	0.08427	0.07376	0.02750	0.05315	0.04870	0.01067	0.00050	0.00028	0.00639	7.9e-05	0.00032	0.01885	0.00015	0.00035
6	0.00048	0.00034	0.00041	0.00825	0.04586	0.01761	0.00030	0.05335	0.09413	0.08771	0.23494	0.21249	0.13329	0.01316	0.03827	9.7e-05	0.00019	0.01793	0.04092	0.00027
7	0.04197	0.00108	0.71314	0.00074	0.02265	0.00057	0.14757	0.02830	0.00054	0.01516	0.00047	0.00057	0.00034	0.02551	0.00027	8.3e-05	0.00035	0.00020	0.00012	0.00035
8	0.01255	0.06088	0.12249	0.02251	0.02864	0.03344	0.57002	0.03650	0.00057	0.00077	0.00049	0.01471	0.00039	0.01960	0.01018	8.7e-05	0.06547	0.00026	0.00013	0.00033
9	0.03941	0.26805	0.13579	0.00060	0.06466	0.13676	0.03535	0.16817	0.04114	0.03513	0.01778	0.00690	0.00702	0.00027	0.00951	7.1e-05	0.00779	0.00019	0.02508	0.00034
10	0.00037	0.01520	0.00034	0.00034	0.00039	0.01677	0.00025	0.03012	0.01035	0.00069	0.06065	0.36881	0.23284	0.10322	0.00933	0.00011	0.02075	0.09021	0.03907	0.00022
11	0.00942	0.01943	0.00044	0.00039	0.00049	0.00032	0.00031	0.04013	0.02584	0.29245	0.11042	0.16151	0.08308	0.04149	0.00032	9.2e-05	0.00018	0.16503	0.03675	0.01191

[dist]
# distance from previous block
# <min> <max>
16	44

[block]
# block no. 5 follows, 349 sequences, length 11
name=PF00995.16_G
#
# <colnr> <probs for GDERKNQSTAVLIFYWHMCP> 
#	G	D	E	R	K	N	Q	S	T	A	V	L	I	F	Y	W	H	M	C	P
0	0.01021	0.47603	0.07786	0.02942	0.05314	0.11592	0.01228	0.01676	0.06244	0.01277	0.05085	0.02082	0.00900	0.00031	0.02929	7.5e-05	0.00680	0.00917	0.00652	0.00031
1	0.00055	0.00045	0.00070	0.07008	0.47394	0.00045	0.00053	0.02798	0.01632	0.07051	0.18598	0.06834	0.07102	0.00035	0.00026	7.7e-05	0.00023	0.00032	0.01158	0.00033
2	0.00036	0.00026	0.00033	0.00035	0.00040	0.00025	0.01147	0.03175	0.02706	0.02774	0.10846	0.61557	0.12019	0.02246	0.00032	9.7e-05	0.00015	0.03232	0.00023	0.00022
3	0.00048	0.00045	0.00075	0.82485	0.07046	0.00054	0.01443	0.01908	0.00051	0.00067	0.01029	0.00068	0.01079	0.00025	0.00025	8e-05	0.01175	0.00022	0.01157	0.02188
4	0.00034	0.00024	0.00031	0.00034	0.00038	0.00022	0.01263	0.01620	0.00051	0.02211	0.07172	0.69132	0.11963	0.03226	0.00034	9.9e-05	0.00015	0.01929	0.01169	0.00021
5	0.01497	0.00026	0.00032	0.00033	0.00039	0.00025	0.00024	0.01552	0.00056	0.06785	0.19552	0.26712	0.20108	0.06144	0.05833	0.00011	0.00018	0.06027	0.05504	0.00023
6	0.00046	0.00029	0.00034	0.00034	0.00040	0.00886	0.00026	0.04955	0.01007	0.08159	0.05150	0.29907	0.10798	0.03197	0.01885	9.5e-05	0.00017	0.11653	0.22144	0.00024
7	0.00033	0.02181	0.00032	0.00033	0.00038	0.00024	0.00024	0.01710	0.02192	0.00068	0.03579	0.57504	0.25812	0.00068	0.00030	9.3e-05	0.00015	0.05381	0.01243	0.00022
8	0.00044	0.00697	0.04854	0.00715	0.00054	0.01609	0.07404	0.01449	0.01153	0.05349	0.01427	0.10972	0.02034	0.03226	0.51682	0.00025	0.00786	0.01586	0.04908	0.00025
9	0.03739	0.00042	0.00049	0.00043	0.01449	0.00984	0.00033	0.24870	0.01406	0.17857	0.06993	0.12523	0.11482	0.01745	0.07556	0.00011	0.01987	0.01260	0.05940	0.00031
10	0.00043	0.00030	0.00037	0.00037	0.00043	0.01057	0.02838	0.04107	0.02117	0.07656	0.06997	0.39433	0.17728	0.05292	0.01301	0.00010	0.01640	0.03448	0.06162	0.00024

[dist]
# distance from previous block
# <min> <max>
45	122

[block]
# block no. 6 follows, 349 sequences, length 8
name=PF00995.16_J
# note: PSSM column 0 corresponds to original block column 5
#
# <colnr> <probs for GDERKNQSTAVLIFYWHMCP> 
#	G	D	E	R	K	N	Q	S	T	A	V	L	I	F	Y	W	H	M	C	P
0	0.25022	0.26999	0.19841	0.00051	0.01475	0.06626	0.03969	0.04043	0.02516	0.04722	0.03561	0.00055	0.00977	0.00025	0.00020	7e-05	0.00027	0.00018	0.00015	0.00032
1	0.00051	0.01567	0.05807	0.00043	0.00055	0.01115	0.05805	0.10815	0.04227	0.06183	0.31623	0.04148	0.14107	0.03340	0.00031	8.4e-05	0.01059	0.03937	0.01495	0.04585
2	0.02950	0.06212	0.12527	0.04511	0.14482	0.02143	0.02261	0.14315	0.18471	0.15191	0.02656	0.00071	0.00053	0.00028	0.00024	7.5e-05	0.00026	0.00023	0.02035	0.02014
3	0.03304	0.01981	0.02888	0.01939	0.03099	0.32804	0.00040	0.02513	0.02822	0.02118	0.00054	0.01495	0.00048	0.02722	0.32354	0.07180	0.00693	0.00022	0.00014	0.01910
4	0.00046	0.00847	0.04504	0.00820	0.00060	0.01817	0.15442	0.03868	0.03159	0.05113	0.29212	0.19749	0.09416	0.01916	0.01122	8.9e-05	0.00021	0.01403	0.00022	0.01454
5	0.00039	0.00027	0.00036	0.00037	0.00041	0.00029	0.00027	0.02253	0.01038	0.03100	0.07039	0.34357	0.00115	0.13093	0.27115	0.00020	0.03868	0.04885	0.02860	0.00022
6	0.05777	0.03705	0.02893	0.00048	0.00065	0.01973	0.00040	0.44734	0.10100	0.01368	0.03455	0.06564	0.01567	0.01798	0.00026	7.8e-05	0.00024	0.06062	0.00990	0.08804
7	0.19605	0.01666	0.01149	0.28136	0.06845	0.00798	0.20724	0.06477	0.00996	0.02100	0.00698	0.03756	0.01688	0.02645	0.00028	8.5e-05	0.01797	0.00840	0.00015	0.00030

[dist]
# distance from previous block
# <min> <max>
2	25

[block]
# block no. 7 follows, 349 sequences, length 10
name=PF00995.16_K
#
# <colnr> <probs for GDERKNQSTAVLIFYWHMCP> 
#	G	D	E	R	K	N	Q	S	T	A	V	L	I	F	Y	W	H	M	C	P
0	0.00054	0.00045	0.00051	0.00041	0.02317	0.03275	0.00032	0.06398	0.02603	0.02654	0.00065	0.11531	0.02469	0.00029	0.00021	5.3e-05	0.00019	0.02069	0.01201	0.65120
1	0.00046	0.00893	0.04009	0.02685	0.04670	0.00841	0.05228	0.00996	0.02354	0.07817	0.10986	0.33749	0.04478	0.03319	0.05662	0.00011	0.00932	0.01599	0.00020	0.09704
2	0.00048	0.00033	0.00039	0.00036	0.00045	0.00032	0.00027	0.15015	0.03996	0.07610	0.14127	0.27726	0.26038	0.02189	0.00031	8.9e-05	0.00017	0.02932	0.00024	0.00026
3	0.01024	0.00051	0.08802	0.03188	0.14986	0.02380	0.02588	0.03989	0.15398	0.08890	0.17279	0.02236	0.04851	0.01843	0.05300	0.01721	0.02306	0.01314	0.01824	0.00032
4	0.01441	0.13782	0.07756	0.26379	0.07034	0.03968	0.07178	0.06853	0.06796	0.04884	0.02751	0.03308	0.00049	0.01739	0.02057	8.6e-05	0.03944	0.00024	0.00015	0.00032
5	0.00037	0.00028	0.00033	0.00033	0.00040	0.00027	0.00025	0.01265	0.12107	0.02101	0.07742	0.32427	0.36227	0.00064	0.02282	9.6e-05	0.00016	0.03559	0.01954	0.00024
6	0.00038	0.00027	0.00033	0.00034	0.00040	0.00025	0.00026	0.00049	0.04321	0.05446	0.29062	0.26539	0.18046	0.02477	0.02147	1e-04	0.00016	0.11617	0.00024	0.00023
7	0.01795	0.14756	0.47747	0.03851	0.00096	0.05268	0.12014	0.03141	0.04715	0.02849	0.02308	0.00058	0.00040	0.00026	0.01225	7.8e-05	0.00034	0.00020	0.00013	0.00034
8	0.03454	0.22212	0.06857	0.03014	0.04127	0.09244	0.09431	0.07490	0.02688	0.10465	0.02797	0.02851	0.00877	0.00720	0.01123	7.5e-05	0.04903	0.00022	0.03476	0.04243
9	0.00045	0.00032	0.01262	0.00039	0.02005	0.00030	0.01142	0.04960	0.06589	0.09282	0.08198	0.41317	0.17056	0.01742	0.02661	9.9e-05	0.00993	0.00992	0.01618	0.00026

[dist]
# distance from previous block
# <min> <max>
17	141

[block]
# block no. 8 follows, 349 sequences, length 21
name=PF00995.16_M
#
# <colnr> <probs for GDERKNQSTAVLIFYWHMCP> 
#	G	D	E	R	K	N	Q	S	T	A	V	L	I	F	Y	W	H	M	C	P
0	0.02174	0.00030	0.00036	0.00033	0.00042	0.00028	0.00759	0.02408	0.04796	0.12145	0.24978	0.18818	0.27605	0.02336	0.00686	8.9e-05	0.00015	0.00792	0.02287	0.00025
1	0.00032	0.00025	0.00028	0.00029	0.00035	0.00022	0.00021	0.00039	0.01155	0.00069	0.15154	0.18395	0.46657	0.11866	0.02632	0.00011	0.00016	0.03771	0.00022	0.00021
2	0.00035	0.00025	0.00031	0.00030	0.00036	0.00023	0.00022	0.00044	0.00065	0.01740	0.66080	0.05518	0.23660	0.01726	0.00031	8.3e-05	0.00012	0.00864	0.00026	0.00023
3	0.00036	0.00024	0.00029	0.00029	0.00030	0.00025	0.00018	0.00039	0.00040	0.00055	0.04636	0.02055	0.00093	0.72209	0.11369	0.00023	0.00027	0.01435	0.07812	0.00017
4	0.00036	0.00026	0.00032	0.00032	0.00038	0.00025	0.00024	0.00839	0.02272	0.00740	0.22008	0.03220	0.24441	0.24346	0.02602	0.00013	0.00019	0.19241	0.00022	0.00021
5	0.00037	0.00030	0.00033	0.00034	0.01661	0.03292	0.00024	0.00048	0.04427	0.01462	0.32361	0.17092	0.34625	0.00057	0.00029	8.4e-05	0.00015	0.02591	0.02153	0.00023
6	0.94925	0.02236	0.02225	0.00033	0.00049	0.00056	0.00028	0.00073	0.00042	0.00109	0.00035	0.00040	0.00027	0.00023	0.00015	7.6e-05	0.00020	0.00013	0.00015	0.00027
7	0.96874	0.00048	0.00037	0.00033	0.00048	0.00055	0.00027	0.00074	0.02468	0.00110	0.00036	0.00041	0.00028	0.00023	0.00015	7.6e-05	0.00019	0.00014	0.00015	0.00027
8	0.19004	0.00034	0.00038	0.00034	0.00045	0.00033	0.00027	0.00068	0.04017	0.19244	0.27830	0.01789	0.13424	0.00044	0.02148	8.5e-05	0.00017	0.03592	0.08577	0.00028
9	0.00073	0.00064	0.00059	0.00052	0.00066	0.16877	0.00040	0.17098	0.56031	0.03053	0.00081	0.00078	0.00061	0.00031	0.00024	7.7e-05	0.00025	0.00024	0.06218	0.00037
10	0.00036	0.00027	0.00039	0.07924	0.00050	0.00030	0.00030	0.00044	0.00042	0.00058	0.01884	0.06058	0.02303	0.22435	0.52455	0.00029	0.00630	0.04763	0.00015	0.01149
11	0.04623	0.00570	0.22905	0.00053	0.00509	0.09791	0.00050	0.24964	0.09342	0.11685	0.02300	0.00950	0.08523	0.00032	0.00025	0.00848	0.00027	0.00961	0.01148	0.00691
12	0.00049	0.00127	0.99006	0.00070	0.00107	0.00057	0.00091	0.00078	0.00052	0.00078	0.00044	0.00052	0.00031	0.00023	0.00023	7.8e-05	0.00036	0.00018	0.00010	0.00036
13	0.00881	0.00033	0.02318	0.01291	0.00049	0.00031	0.00737	0.04558	0.00057	0.14195	0.06579	0.10433	0.24710	0.00969	0.21075	0.00015	0.00028	0.11994	0.00022	0.00026
14	0.03170	0.01858	0.01327	0.39588	0.03780	0.00053	0.09747	0.08176	0.02099	0.22347	0.02339	0.02827	0.00050	0.00028	0.00026	8e-05	0.01607	0.00025	0.00914	0.00033
15	0.00077	0.05356	0.06260	0.00048	0.01507	0.09885	0.00693	0.15926	0.05318	0.28539	0.04151	0.05914	0.01197	0.00901	0.00025	7.6e-05	0.00651	0.02787	0.10723	0.00034
16	0.00048	0.00027	0.00035	0.00034	0.00041	0.00024	0.00025	0.00056	0.00058	0.20665	0.17760	0.41417	0.14138	0.00832	0.00030	8.8e-05	0.00015	0.01250	0.03512	0.00025
17	0.01694	0.00043	0.00065	0.22136	0.02578	0.00663	0.07462	0.08039	0.00710	0.08582	0.05863	0.03575	0.01853	0.00068	0.21968	0.00015	0.12947	0.01096	0.00615	0.00029
18	0.02220	0.12751	0.31421	0.00060	0.06743	0.06256	0.04305	0.02121	0.04973	0.00072	0.00565	0.09072	0.00682	0.14039	0.01865	0.01382	0.00448	0.00981	0.00014	0.00030
19	0.00994	0.00026	0.00033	0.02314	0.00041	0.01390	0.01567	0.00040	0.00050	0.00067	0.17212	0.35713	0.12837	0.13156	0.07011	0.04344	0.00020	0.03142	0.00021	0.00020
20	0.07909	0.00068	0.02494	0.00053	0.00736	0.21315	0.03700	0.19080	0.16771	0.20060	0.00077	0.00078	0.04606	0.00031	0.00024	7.5e-05	0.00028	0.02018	0.00911	0.00035

# created by:
# /gobics/home/okeller/bin/block2patt.pl --max_entropy=0.7 --mode=none PF00995.16.blocks
