[name]
HSP70
# Hsp70 protein

[dist]
# distance from previous block
# <min> <max>
0	151

[block]
# block no. 0 follows, 2374 sequences, length 30
name=PF00012.13_A
#
# <colnr> <probs for GDERKNQSTAVLIFYWHMCP> 
#	G	D	E	R	K	N	Q	S	T	A	V	L	I	F	Y	W	H	M	C	P
0	5.3e-05	3.8e-05	5e-05	4.8e-05	5.7e-05	3.6e-05	3.6e-05	7.1e-05	0.00852	0.01060	0.84632	0.01791	0.04723	0.00542	4.4e-05	1.2e-05	1.9e-05	0.06347	3.9e-05	3.5e-05
1	0.32201	6.8e-05	7.7e-05	6.1e-05	8.7e-05	6.8e-05	5e-05	0.08442	9.6e-05	0.56852	0.00011	0.00010	7.2e-05	4.7e-05	0.02405	1.2e-05	3.3e-05	3.1e-05	3.7e-05	5.4e-05
2	0.00365	4.2e-05	5e-05	4.7e-05	5.7e-05	0.01568	3.6e-05	0.00632	0.01251	0.02116	0.71410	0.00708	0.19298	7.8e-05	0.00849	1.2e-05	0.01757	6.6e-05	3.8e-05	3.5e-05
3	5.6e-05	3.9e-05	5.3e-05	0.00387	6.3e-05	4e-05	0.00480	0.00971	7.2e-05	9.5e-05	0.02424	0.10242	0.02442	0.21024	0.10161	0.08222	3.9e-05	0.43596	2.9e-05	3e-05
4	8.1e-05	0.12326	0.46251	0.05053	0.07274	9.3e-05	0.23073	0.01037	0.00421	0.00974	0.01347	0.00616	0.00728	3.6e-05	3.6e-05	1.1e-05	0.00285	0.00582	1.8e-05	5.1e-05
5	0.56235	0.01919	0.00970	0.01726	0.00689	0.17124	0.01264	0.00695	0.00349	0.03117	8.7e-05	1e-04	7.6e-05	0.00319	0.00302	4.2e-05	0.14927	0.00322	5.2e-05	7.2e-05
6	0.53205	0.14586	0.01251	0.00415	0.12828	0.05849	0.01074	0.04765	0.04690	0.00978	6.2e-05	7.1e-05	4.9e-05	3.5e-05	2.7e-05	1.1e-05	3.6e-05	0.00323	2.2e-05	4.6e-05
7	0.00730	0.03542	0.17435	0.16478	0.30104	0.05780	0.11087	0.01875	0.06733	0.01936	0.01287	0.00247	0.00310	3.7e-05	3.8e-05	1.1e-05	0.01930	0.00510	2e-05	5.1e-05
8	0.00747	5.5e-05	0.00294	5.4e-05	7.5e-05	4.6e-05	0.00317	0.01725	0.02434	0.13134	0.39891	0.00301	0.00835	0.00285	0.00308	9.3e-06	2.4e-05	4.3e-05	0.00612	0.39087
9	7.7e-05	0.03242	0.35890	0.13583	0.24819	0.00363	0.00698	0.00750	0.05404	0.00636	0.09267	0.02267	0.01889	0.00252	3.7e-05	1.2e-05	0.00272	0.00401	0.00249	5e-05
10	4.9e-05	3.8e-05	4.4e-05	4.2e-05	5.3e-05	3.3e-05	3.2e-05	6.3e-05	0.00965	0.00013	0.51531	0.00030	0.44993	8.2e-05	4.3e-05	1.2e-05	1.8e-05	7e-05	0.02406	3.3e-05
11	4.4e-05	3.7e-05	3.9e-05	4e-05	5.1e-05	3.1e-05	0.00495	5.4e-05	8.3e-05	0.00010	0.04016	0.11457	0.82202	0.00655	4.5e-05	1.3e-05	1.9e-05	0.00517	0.00599	3.1e-05
12	0.00011	0.01127	0.28236	7.6e-05	0.00011	0.00507	0.01715	0.01794	0.05247	0.39433	0.03914	0.00460	0.00458	4.1e-05	3.5e-05	1e-05	3.7e-05	3.3e-05	0.00637	0.16427
13	0.00014	0.01620	0.00011	9.4e-05	0.00011	0.94404	7.1e-05	0.03863	0.00011	9.5e-05	5.8e-05	6.7e-05	4.8e-05	3.8e-05	3.3e-05	9.5e-06	6.5e-05	2.4e-05	2e-05	4.3e-05
14	0.00330	0.32065	0.06229	7.5e-05	0.02808	0.00300	0.01295	0.17018	0.01534	0.32289	0.01390	0.00284	0.00699	4.1e-05	0.00240	1e-05	3.7e-05	0.00555	3e-05	0.02945
15	0.00473	0.00409	0.60308	0.00349	0.00016	0.01108	0.31433	0.00471	8.1e-05	0.00960	0.00391	0.00814	5.5e-05	0.00282	4e-05	1.2e-05	0.01936	0.01024	1.7e-05	5.2e-05
16	0.97966	7.1e-05	5.4e-05	4.8e-05	7.1e-05	8.2e-05	4e-05	0.00011	6.3e-05	0.00016	5.1e-05	6e-05	4e-05	3.4e-05	2.3e-05	1.1e-05	2.8e-05	2e-05	2.3e-05	0.01935
17	0.06378	0.08447	0.03339	0.01534	0.04153	0.37061	0.01823	0.08899	0.03639	0.14954	0.01163	0.00659	0.00210	0.03544	0.00668	4.2e-05	0.00947	0.02354	0.00217	7.8e-05
18	0.00494	9.8e-05	0.00014	0.88625	0.01791	0.02499	0.00013	0.00013	0.02487	0.00013	1e-04	0.01205	8.5e-05	0.00785	0.01153	4.3e-05	0.00455	0.00409	4.7e-05	7.1e-05
19	8.2e-05	7e-05	7.5e-05	6.8e-05	8.7e-05	7.9e-05	5.3e-05	0.00017	0.79159	0.00551	0.01962	0.05648	0.11565	5.9e-05	3.9e-05	1.3e-05	2.7e-05	0.00539	3.7e-05	0.00491
20	9e-05	7.8e-05	8.2e-05	7.4e-05	9.4e-05	9e-05	5.7e-05	0.00019	0.97365	0.00015	0.00015	0.00014	0.02488	5.1e-05	3.7e-05	1.2e-05	2.9e-05	4.2e-05	3.7e-05	5.7e-05
21	7.8e-05	6.6e-05	7.7e-05	5.5e-05	8.7e-05	5e-05	4.4e-05	0.01155	7.8e-05	0.01880	6.7e-05	7.7e-05	5.5e-05	2.8e-05	2.7e-05	5.6e-06	2.7e-05	2.2e-05	2.2e-05	0.96878
22	0.01151	0.00010	0.00011	8.4e-05	0.00011	0.00011	6.9e-05	0.97559	0.00017	0.00023	8.7e-05	8.8e-05	6.2e-05	4.4e-05	3.6e-05	1.1e-05	4e-05	3.3e-05	3.6e-05	0.01148
23	5.1e-05	3.9e-05	5e-05	4.9e-05	5.7e-05	3.8e-05	0.00297	0.00294	0.00369	0.00011	0.35444	0.00359	0.23230	0.04594	0.28331	0.01866	0.00672	0.03077	0.01423	3.3e-05
24	5.1e-05	3.9e-05	0.00894	4.6e-05	5.5e-05	3.5e-05	3.5e-05	6.9e-05	0.00875	0.00014	0.85188	0.00028	0.12939	7.7e-05	4.3e-05	1.2e-05	1.8e-05	6.7e-05	3.9e-05	3.5e-05
25	0.10202	6.6e-05	8.4e-05	6.5e-05	9.3e-05	6.1e-05	5.4e-05	0.07081	0.01019	0.81597	0.00013	0.00012	8.4e-05	4.4e-05	3.5e-05	1.1e-05	3.2e-05	3.5e-05	4.2e-05	6e-05
26	5.3e-05	3.7e-05	4.5e-05	4.5e-05	0.00441	3.8e-05	2.8e-05	5.6e-05	5.7e-05	7.6e-05	0.01379	0.00539	0.04391	0.72712	0.18138	0.01373	0.00558	0.00422	2.2e-05	2.5e-05
27	0.01229	0.01917	0.00236	0.03410	0.03223	0.05341	0.00975	0.06379	0.66561	0.03374	0.02562	0.01239	0.00384	5e-05	0.00422	1.2e-05	0.00295	0.02179	3.4e-05	0.00265
28	0.03782	0.43977	0.11210	0.00503	0.22116	0.03871	0.05197	0.01741	0.00448	0.03978	6.3e-05	7.5e-05	5.2e-05	3.3e-05	3.1e-05	9.6e-06	0.00696	2.6e-05	1.9e-05	0.02450
29	0.08025	0.24952	0.09956	0.00562	0.09973	0.09309	0.01828	0.13394	0.19701	0.01139	8.2e-05	8.7e-05	0.00315	3.9e-05	3.3e-05	1.1e-05	0.00811	2.9e-05	2.4e-05	5.2e-05

[dist]
# distance from previous block
# <min> <max>
0	3

[block]
# block no. 1 follows, 2374 sequences, length 33
name=PF00012.13_B
#
# <colnr> <probs for GDERKNQSTAVLIFYWHMCP> 
#	G	D	E	R	K	N	Q	S	T	A	V	L	I	F	Y	W	H	M	C	P
0	0.02057	0.09187	0.81527	0.00010	0.00420	0.01422	0.02418	0.00012	0.00935	0.00011	0.00681	7.9e-05	0.00330	3.5e-05	3.5e-05	1.1e-05	0.00963	2.7e-05	1.6e-05	5.3e-05
1	0.00374	6.2e-05	0.00262	0.64877	0.02886	0.00563	0.02477	9.1e-05	0.04203	0.00010	0.06444	0.06460	0.07787	0.01238	4.2e-05	1.3e-05	0.01864	0.00256	2.2e-05	0.00275
2	4.9e-05	3.7e-05	5.1e-05	6.4e-05	0.07652	3.5e-05	4e-05	5.8e-05	0.00792	9.8e-05	0.04617	0.82503	0.01941	0.00565	0.01400	1.5e-05	2.4e-05	0.00476	3.3e-05	3.2e-05
3	5.2e-05	4e-05	4.6e-05	4.4e-05	5.5e-05	0.01651	3.3e-05	0.00354	0.00475	0.00634	0.60383	0.01307	0.34424	8.1e-05	4.3e-05	1.2e-05	1.9e-05	0.00374	0.00353	3.4e-05
4	0.97227	7e-05	5.5e-05	0.01653	7.4e-05	8.2e-05	4.1e-05	0.00011	6.3e-05	0.00016	0.01026	6.2e-05	4.3e-05	3.4e-05	2.3e-05	1.1e-05	2.9e-05	2.1e-05	2.3e-05	4e-05
5	9.1e-05	0.42574	0.10493	0.02098	0.00500	0.00279	0.30486	0.00400	0.01323	0.04313	0.00519	0.01748	0.02558	3.8e-05	3.4e-05	1e-05	0.00590	0.02095	2e-05	4.8e-05
6	0.00602	6.3e-05	7.9e-05	6.3e-05	8.8e-05	5.6e-05	0.02294	0.11101	0.01588	0.38173	0.03316	0.05108	0.07886	0.00854	3.7e-05	1e-05	3e-05	0.02554	0.01652	0.24829
7	0.01402	6.3e-05	8.6e-05	6.6e-05	9.4e-05	5.5e-05	0.01025	0.00018	0.00010	0.97446	0.00014	0.00012	9e-05	4.5e-05	3.7e-05	1.1e-05	3.1e-05	3.7e-05	4.5e-05	6.2e-05
8	9.9e-05	9.6e-05	0.00408	0.09224	0.87124	0.00449	0.00012	0.00675	0.00747	0.00013	0.00876	0.00010	7e-05	4.4e-05	4.7e-05	2.1e-05	0.00411	4.3e-05	2.9e-05	6.7e-05
9	1e-04	0.00285	0.00011	0.52202	0.00019	0.38796	0.00849	0.02949	0.00867	0.01680	6.5e-05	8.7e-05	5.1e-05	0.00490	0.00335	1.1e-05	0.00376	2.9e-05	0.00447	0.00662
10	8.6e-05	0.01376	0.02036	0.01106	0.00018	0.00948	0.89772	0.00012	8.6e-05	0.01003	7.8e-05	0.02577	6.1e-05	3.6e-05	0.01099	1.3e-05	6e-05	4.4e-05	1.9e-05	4.9e-05
11	0.01500	5.6e-05	0.00489	6e-05	8.1e-05	5e-05	4.8e-05	0.04020	0.01170	0.57878	0.21751	0.08078	0.01344	0.00615	0.00670	1.2e-05	2.8e-05	0.02056	0.00390	5.2e-05
12	0.01488	5.1e-05	6.4e-05	5.5e-05	7.2e-05	0.00377	4.3e-05	0.02289	0.07267	0.31271	0.42927	0.00848	0.11868	6.4e-05	4.1e-05	1.2e-05	0.00994	5.5e-05	4e-05	0.00620
13	7.6e-05	0.00492	0.00353	0.04046	0.01207	0.00849	0.00361	0.05780	0.37638	0.01624	0.08033	0.13114	0.04168	0.00247	4.2e-05	1.4e-05	3e-05	0.21747	3.5e-05	0.00321
14	0.01557	0.01812	0.00011	9.4e-05	0.00795	0.93843	7.1e-05	0.00706	0.00010	9.2e-05	5.7e-05	6.6e-05	4.7e-05	3.8e-05	3.4e-05	9.5e-06	0.01208	2.4e-05	1.9e-05	4.3e-05
15	0.00331	6.5e-05	7.6e-05	5.6e-05	8.6e-05	5.1e-05	4.5e-05	0.02113	0.00605	0.07081	0.02652	0.00747	6.7e-05	0.00798	0.00574	6.9e-06	0.00647	2.5e-05	2.4e-05	0.84401
16	0.00300	0.02205	0.31176	0.05893	0.12448	0.04657	0.10706	0.06914	0.14241	0.03289	0.01760	0.00583	0.00717	0.00275	0.00306	2.8e-05	0.04103	0.00201	0.00217	6.8e-05
17	0.02736	0.00720	0.00795	0.06633	0.05539	0.79031	0.00446	0.02365	0.00011	0.00538	6.6e-05	7.8e-05	5.6e-05	0.00296	0.00278	1.7e-05	0.00580	3.2e-05	2.6e-05	5.1e-05
18	9.9e-05	8.5e-05	9e-05	8.1e-05	0.00010	9.7e-05	6.5e-05	0.02442	0.94351	0.00660	0.01805	0.00014	0.00012	5.7e-05	4.4e-05	1.9e-05	3.6e-05	4.8e-05	4.4e-05	0.00629
19	4.9e-05	3.7e-05	4.4e-05	4.4e-05	5.2e-05	3.3e-05	3.1e-05	6e-05	8.5e-05	0.00011	0.41066	0.13954	0.26978	0.14426	0.02603	1.7e-05	2.3e-05	0.00449	3.5e-05	0.00462
20	0.00372	4e-05	5e-05	0.01362	5.4e-05	4.3e-05	3.3e-05	0.03225	0.00338	0.01522	0.00011	0.01955	0.00012	0.62614	0.27624	4e-05	0.00587	0.00348	2.3e-05	2.8e-05
21	0.05340	0.41543	0.01637	6.9e-05	9.9e-05	0.03256	6.2e-05	0.22687	0.00010	0.24900	0.00567	8.4e-05	6.3e-05	3.8e-05	3e-05	9.8e-06	3.8e-05	2.7e-05	2.8e-05	5.4e-05
22	9.5e-05	5.1e-05	6.3e-05	0.00318	7.2e-05	4.6e-05	4.2e-05	0.02990	0.05905	0.35203	0.29152	0.03076	0.22053	0.00541	4.1e-05	1.2e-05	2.4e-05	5.7e-05	0.00326	0.00386
23	9.1e-05	9e-05	0.01034	0.00022	0.96895	0.01943	0.00011	0.00011	8.4e-05	0.00012	6.9e-05	9e-05	5.8e-05	3.3e-05	3.6e-05	1.1e-05	4.4e-05	3.2e-05	1.8e-05	5.8e-05
24	0.00774	6.6e-05	0.00011	0.97092	0.00025	8.2e-05	0.00010	0.01242	7.4e-05	9.6e-05	6.5e-05	9.7e-05	4.9e-05	3.7e-05	3.6e-05	1.2e-05	4.8e-05	3.2e-05	1.7e-05	0.00775
25	4.8e-05	0.00396	4.4e-05	0.00403	5.2e-05	3.3e-05	3.3e-05	5.4e-05	6.7e-05	8.9e-05	0.00018	0.65685	0.02433	0.24748	0.01081	2e-05	2.6e-05	0.04783	3.1e-05	0.00403
26	4.7e-05	4e-05	4.2e-05	4.2e-05	5.4e-05	0.01938	3.3e-05	5.8e-05	8.5e-05	0.00010	0.03485	0.01003	0.81368	9.2e-05	4.4e-05	1.3e-05	2.1e-05	0.12132	3.4e-05	3.2e-05
27	0.99897	7.1e-05	5.4e-05	4.8e-05	7.1e-05	8.2e-05	4e-05	0.00011	6.2e-05	0.00016	5.1e-05	6e-05	4e-05	3.4e-05	2.3e-05	1.1e-05	2.8e-05	2e-05	2.3e-05	4e-05
28	7.5e-05	7.3e-05	0.01799	0.88674	0.00457	0.00849	0.00010	0.01171	0.00354	0.00010	7.7e-05	0.03713	6.3e-05	4.6e-05	4.3e-05	1.7e-05	0.01457	0.00770	0.00408	0.00289
29	0.00422	0.02084	0.01929	0.34772	0.41658	0.02372	0.03452	0.02328	0.04456	0.00717	0.00279	0.00010	6.2e-05	0.00506	0.00307	1.2e-05	0.01794	0.02603	1.9e-05	0.00301
30	0.00253	3.8e-05	4.7e-05	4.7e-05	4.9e-05	0.00343	0.00271	0.00612	0.00300	0.00690	0.01695	0.01542	0.01474	0.60798	0.19796	0.08291	0.00574	0.02602	0.00516	0.00225
31	0.02818	0.43635	0.11674	0.00237	0.01921	0.11982	0.04002	0.12630	0.05618	0.03115	0.00408	7.7e-05	0.00473	3.7e-05	3.1e-05	9.7e-06	0.01154	2.6e-05	2.1e-05	0.00312
32	0.00340	0.64585	0.28679	7.7e-05	0.00401	0.00012	0.01245	0.01295	0.01621	0.00883	6e-05	6.8e-05	0.00365	3.3e-05	2.8e-05	9.2e-06	0.00538	2.3e-05	1.7e-05	5e-05

[dist]
# distance from previous block
# <min> <max>
0	7

[block]
# block no. 2 follows, 2374 sequences, length 13
name=PF00012.13_C
#
# <colnr> <probs for GDERKNQSTAVLIFYWHMCP> 
#	G	D	E	R	K	N	Q	S	T	A	V	L	I	F	Y	W	H	M	C	P
0	0.00750	0.00695	5.4e-05	5e-05	6.2e-05	4.2e-05	3.8e-05	0.01968	0.08129	0.06578	0.59181	0.09801	0.10821	7.5e-05	4.2e-05	1.2e-05	2.1e-05	0.00914	0.01119	3.8e-05
1	0.00867	0.05285	0.06623	0.02097	0.11456	0.03566	0.49901	0.04299	0.07256	0.04612	0.00804	0.00714	0.00531	3.6e-05	3.9e-05	1.2e-05	0.00460	0.00445	2.2e-05	0.01074
2	0.01595	0.07151	0.16582	0.10294	0.19829	0.04954	0.05067	0.13614	0.02821	0.10425	0.00450	0.00506	0.00691	6.9e-05	0.00586	4e-05	0.03087	6.1e-05	0.00428	0.01904
3	0.00694	0.57704	0.25499	7.4e-05	0.00011	0.01432	7.9e-05	0.01913	0.01034	0.06407	0.01016	7.8e-05	0.00539	0.00773	3.2e-05	0.01203	0.00609	0.00565	0.00571	4.9e-05
4	0.01017	0.00465	0.01044	0.06472	0.12333	0.01030	0.02225	0.09510	0.02283	0.09056	0.04845	0.09092	0.22814	0.00410	4.3e-05	1.3e-05	0.00738	0.16224	0.00430	4.3e-05
5	0.04948	0.05345	0.05908	0.02415	0.56108	0.03040	0.01284	0.07294	0.04750	0.02585	0.00472	0.03171	0.01331	3.9e-05	3.6e-05	1.1e-05	0.00797	3.4e-05	2.2e-05	0.00537
6	0.00400	0.00618	0.05979	0.13189	0.02037	0.04070	0.04965	0.05944	0.02608	0.02082	0.01615	0.14402	0.06865	0.01750	0.01042	0.00374	0.27495	0.04147	2.4e-05	0.00416
7	6e-05	3.9e-05	5.2e-05	0.00504	0.00574	3.8e-05	0.00504	0.02522	0.00752	0.02051	0.40634	0.09087	0.01118	0.10273	0.00680	0.20487	2.6e-05	0.08953	0.01836	3.1e-05
8	0.01011	7e-05	8.2e-05	0.02794	9.5e-05	5.9e-05	0.00887	0.11205	0.02171	0.03544	7.3e-05	8.2e-05	5.8e-05	0.00863	3.1e-05	7e-06	3e-05	2.5e-05	2.4e-05	0.77462
9	5.5e-05	4e-05	5.3e-05	5.3e-05	5.7e-05	4.4e-05	3.8e-05	0.02793	6e-05	8.4e-05	0.00011	0.01700	0.00011	0.36826	0.58589	4.8e-05	7.2e-05	4.5e-05	2.1e-05	3e-05
10	0.01878	0.04508	0.05894	0.06232	0.46156	0.06415	0.05456	0.03683	0.10316	0.02228	0.00465	0.00441	0.00694	3.8e-05	3.9e-05	1.1e-05	0.03335	0.00563	0.00414	0.01313
11	0.00847	4e-05	4.7e-05	4.4e-05	5.5e-05	3.7e-05	3.4e-05	0.03779	0.00937	0.00013	0.50709	0.02496	0.37642	8e-05	4.3e-05	1.2e-05	1.9e-05	0.00990	0.02542	3.4e-05
12	0.00925	0.00564	0.03112	0.06331	0.04427	0.00887	0.00796	0.03822	0.04931	0.02580	0.44261	0.04870	0.19965	0.00577	0.00398	1.2e-05	0.00541	0.00590	0.00419	3.9e-05

[dist]
# distance from previous block
# <min> <max>
14	23

[block]
# block no. 3 follows, 2374 sequences, length 75
name=PF00012.13_D
#
# <colnr> <probs for GDERKNQSTAVLIFYWHMCP> 
#	G	D	E	R	K	N	Q	S	T	A	V	L	I	F	Y	W	H	M	C	P
0	5.3e-05	3.7e-05	4.8e-05	0.00174	0.00243	3.9e-05	0.00163	5.9e-05	0.00187	0.00137	0.01229	0.04838	0.00691	0.56074	0.29979	4e-05	0.00445	0.05806	2.3e-05	2.7e-05
1	0.00012	8e-05	0.00616	0.00626	0.00132	0.05025	0.00972	0.28398	0.13974	0.29746	0.00011	0.00312	8.5e-05	0.07586	0.08072	1.7e-05	0.03853	0.00220	0.00151	0.00276
2	8.6e-05	6.5e-05	7.7e-05	5.6e-05	8.8e-05	5e-05	4.5e-05	0.00628	0.00343	0.11400	0.00677	8.3e-05	6.1e-05	3e-05	2.8e-05	6.2e-06	2.8e-05	2.4e-05	2.5e-05	0.86878
3	0.00391	0.01893	0.61644	9.9e-05	0.00198	8.4e-05	0.09615	0.09597	0.00169	0.04968	7.2e-05	8.2e-05	5.2e-05	3.5e-05	3.5e-05	1.1e-05	4.9e-05	2.9e-05	2e-05	0.11468
4	9.1e-05	0.00018	0.74019	0.00013	0.00362	0.00010	0.24969	0.00013	9.3e-05	0.00013	8.2e-05	9.7e-05	6.3e-05	4.8e-05	5.1e-05	2.6e-05	7e-05	4.5e-05	3e-05	0.00513
5	4.7e-05	3.8e-05	4.1e-05	4e-05	5.2e-05	0.00510	3e-05	5.7e-05	8.7e-05	0.00452	0.18339	0.04788	0.73767	8.9e-05	4.3e-05	1.2e-05	1.9e-05	0.00774	0.00181	0.01134
6	0.09989	9.7e-05	0.00010	7.9e-05	0.00011	0.00011	6.5e-05	0.84951	0.00016	0.01157	0.02403	0.00267	0.00926	4.4e-05	3.6e-05	1.1e-05	3.8e-05	3.3e-05	3.5e-05	0.00216
7	0.04287	8.4e-05	9.9e-05	7.8e-05	0.00011	8.3e-05	6.5e-05	0.37047	0.00013	0.58538	0.00013	0.00011	8.4e-05	5e-05	4.2e-05	1.7e-05	4e-05	4.1e-05	4.7e-05	6.7e-05
8	0.00111	0.00202	0.08537	0.01864	0.04423	0.00590	0.06424	0.03007	0.00109	0.00646	0.00284	0.00899	0.01681	0.11347	0.00962	1.8e-05	0.00514	0.58047	0.00348	3.8e-05
9	0.00625	3.8e-05	4.6e-05	4.4e-05	5.4e-05	3.5e-05	3.3e-05	6.7e-05	0.01452	0.00013	0.70851	0.01551	0.25446	8e-05	4.3e-05	1.2e-05	1.8e-05	6.9e-05	3.9e-05	3.4e-05
10	4.5e-05	3.2e-05	4.3e-05	5.1e-05	5.3e-05	3e-05	3.4e-05	5.2e-05	0.00645	9.5e-05	0.00577	0.94837	0.03566	0.00011	4.7e-05	1.5e-05	2.1e-05	0.00306	3.4e-05	3e-05
11	0.05289	7.7e-05	0.02894	0.15043	0.07240	0.02943	0.14835	0.03240	0.21470	0.03680	0.07106	0.03142	0.07305	5.1e-05	3.9e-05	1.2e-05	0.00192	0.05203	2.8e-05	0.00398
12	9e-05	0.00248	0.00860	0.01049	0.94555	0.00240	0.01330	0.00011	0.00235	0.00012	6.9e-05	9.1e-05	5.8e-05	3.6e-05	0.01241	1.2e-05	0.00173	3.3e-05	1.8e-05	5.7e-05
13	5.6e-05	4e-05	5.5e-05	0.00349	7.1e-05	4e-05	5.4e-05	7e-05	8.1e-05	0.00011	0.00020	0.21496	0.01052	0.00010	5e-05	1.6e-05	3.1e-05	0.77000	3.4e-05	3.3e-05
14	0.00580	8.3e-05	0.01283	0.05383	0.79912	0.00206	0.00010	0.00244	0.00834	0.03144	0.04855	0.00134	0.02850	3.8e-05	3.7e-05	1.1e-05	0.00397	3.6e-05	0.00143	5.5e-05
15	0.00162	0.07556	0.64246	0.00607	0.12748	0.02409	0.04382	0.01922	0.01193	0.02879	7.1e-05	0.00909	0.00121	3.6e-05	3.5e-05	1.1e-05	0.00435	0.00407	1.8e-05	5.4e-05
16	0.00323	0.15625	0.01131	6.3e-05	8.3e-05	0.01408	5.2e-05	0.00209	0.50704	0.02250	0.03776	0.00649	0.21729	0.00132	3.7e-05	1.2e-05	2.9e-05	0.00895	0.01138	4.9e-05
17	0.00218	6.9e-05	9.1e-05	7.1e-05	9.9e-05	6.1e-05	6e-05	0.02495	0.00255	0.95337	0.00265	0.00013	9.7e-05	0.00206	0.01135	1.8e-05	3.8e-05	4.3e-05	5.1e-05	6.8e-05
18	0.01517	0.00719	0.85928	0.00010	0.00394	0.00855	0.00369	0.07490	0.00402	0.00878	0.00272	7.9e-05	4.9e-05	3.6e-05	3.6e-05	1.2e-05	0.01136	2.8e-05	1.8e-05	5.4e-05
19	0.01489	0.16052	0.02564	0.02654	0.05456	0.04086	0.01518	0.11139	0.08045	0.44821	0.00341	0.00314	0.00138	4.3e-05	3.5e-05	1.1e-05	3.7e-05	0.01361	3.4e-05	5.7e-05
20	5.6e-05	4.1e-05	5.9e-05	0.00621	0.01464	0.00458	0.00321	0.00203	6e-05	0.01664	0.00267	0.00016	9.9e-05	0.17323	0.76422	5.2e-05	0.00706	0.00494	2.1e-05	3.2e-05
21	4.5e-05	3.2e-05	4.3e-05	5e-05	5.3e-05	3e-05	3.4e-05	5.2e-05	7.1e-05	0.00288	0.00612	0.93347	0.03778	0.01427	4.9e-05	1.5e-05	2.1e-05	0.00493	3.4e-05	3e-05
22	0.92821	0.01138	5.9e-05	5.1e-05	0.00448	0.02322	4.2e-05	0.02228	0.00241	0.00529	5.3e-05	6.1e-05	4.1e-05	3.4e-05	2.4e-05	1.1e-05	0.00228	2e-05	2.3e-05	4.1e-05
23	0.02805	0.03548	0.33128	0.04392	0.28563	0.00708	0.09861	0.05056	0.03862	0.00601	0.00289	0.00109	0.00100	0.00105	0.00285	1.2e-05	0.06226	0.00088	0.00266	5.3e-05
24	0.00521	0.01792	0.12064	0.01545	0.28310	0.02320	0.02850	0.07151	0.22432	0.02987	0.00937	0.02183	7.5e-05	3.9e-05	3.5e-05	1.1e-05	3.9e-05	3.4e-05	2.5e-05	0.14881
25	5.2e-05	3.8e-05	4.8e-05	4.5e-05	5.5e-05	3.4e-05	3.4e-05	6.8e-05	0.00010	0.00692	0.85775	0.00450	0.11609	7.6e-05	4.3e-05	1.2e-05	1.8e-05	6.7e-05	0.00270	0.01134
26	0.00130	0.03096	0.08433	0.01738	0.25072	0.06034	0.02072	0.09147	0.41901	0.00335	0.00385	0.00111	0.00290	0.00203	0.00110	1.8e-05	0.00741	0.00094	3.4e-05	0.00103
27	0.02312	0.18683	0.18460	0.00484	0.12461	0.28131	0.07042	0.03177	0.00138	0.02335	6.5e-05	0.01676	5.4e-05	3.8e-05	3.7e-05	1.1e-05	0.05072	2.8e-05	1.9e-05	4.9e-05
28	0.00625	0.00242	8.5e-05	6.5e-05	9.3e-05	5.5e-05	5.4e-05	0.00615	0.00375	0.96660	0.01399	0.00013	9.4e-05	4.6e-05	3.7e-05	1.1e-05	3.1e-05	3.7e-05	4.5e-05	6.2e-05
29	5.2e-05	3.8e-05	4.9e-05	4.6e-05	5.5e-05	3.5e-05	3.5e-05	6.9e-05	0.00010	0.00376	0.97353	0.00027	0.01628	7.5e-05	4.3e-05	1.2e-05	1.7e-05	6.6e-05	0.00542	3.5e-05
30	8.3e-05	7.4e-05	7.8e-05	7.7e-05	8.8e-05	6.9e-05	6.7e-05	9.5e-05	0.00013	0.00385	0.28760	0.00448	0.70275	0.00012	8e-05	4.9e-05	5.5e-05	0.00011	7.3e-05	6.9e-05
31	9.1e-05	7.9e-05	8.3e-05	7.4e-05	9.5e-05	9.1e-05	5.8e-05	0.00595	0.98283	0.00327	0.00015	0.00014	0.00404	5e-05	3.7e-05	1.2e-05	2.9e-05	4.1e-05	3.7e-05	0.00284
32	5.3e-05	3.8e-05	4.9e-05	4.6e-05	5.5e-05	3.5e-05	3.4e-05	7e-05	0.00558	0.00015	0.96003	0.00027	0.00375	7.4e-05	4.3e-05	1.1e-05	1.7e-05	6.5e-05	0.02959	3.5e-05
33	7.6e-05	6.5e-05	7.6e-05	5.4e-05	8.7e-05	4.9e-05	4.3e-05	9.2e-05	7.6e-05	0.00012	6.6e-05	0.00683	5.6e-05	2.8e-05	2.7e-05	5.5e-06	2.7e-05	2.2e-05	2.2e-05	0.99218
34	0.00016	6.3e-05	8.6e-05	6.6e-05	9.4e-05	5.5e-05	5.4e-05	0.01895	0.00011	0.97973	0.00014	0.00012	9e-05	4.5e-05	3.7e-05	1.1e-05	3.1e-05	3.7e-05	4.5e-05	6.2e-05
35	5.2e-05	3.9e-05	5.9e-05	5.9e-05	6.6e-05	4.6e-05	4.6e-05	6.6e-05	5.9e-05	8.5e-05	1e-04	0.00015	0.00646	0.00027	0.98706	5.8e-05	0.00523	3.9e-05	2e-05	3.3e-05
36	5.4e-05	3.6e-05	4e-05	4.1e-05	4.1e-05	3.6e-05	2.3e-05	0.00633	5.5e-05	7.3e-05	0.00012	0.02704	0.00014	0.96563	0.00018	3.5e-05	3.5e-05	5.5e-05	2.3e-05	2.3e-05
37	0.00209	0.02248	0.00197	9.3e-05	0.00219	0.90702	7e-05	0.02163	0.03624	9.5e-05	6.2e-05	7.1e-05	0.00576	3.8e-05	3.3e-05	9.6e-06	6.3e-05	2.5e-05	2e-05	4.4e-05
38	0.00795	0.93603	0.02893	6.4e-05	9.6e-05	0.00746	6.5e-05	0.00011	7.5e-05	0.01887	5.3e-05	6.1e-05	4.8e-05	3.2e-05	2.4e-05	8.1e-06	4e-05	2e-05	1.6e-05	4.7e-05
39	0.01112	0.00145	0.00266	0.00596	0.00011	0.01546	0.00148	0.59848	0.00195	0.35023	0.00011	0.00144	7.2e-05	4.4e-05	3.6e-05	1.1e-05	3.7e-05	3.4e-05	3.9e-05	0.00928
40	8.6e-05	9.8e-05	0.00471	0.02287	0.00019	9.3e-05	0.95762	0.00012	8.6e-05	0.00012	7.4e-05	9.9e-05	5.5e-05	3.2e-05	4.4e-05	1.2e-05	0.01360	4.3e-05	1.8e-05	4.9e-05
41	0.00625	6.5e-05	0.00011	0.96413	0.00307	8.1e-05	1e-04	9.4e-05	7.3e-05	9.5e-05	6.5e-05	9.7e-05	4.9e-05	3.6e-05	3.6e-05	1.2e-05	4.8e-05	3.2e-05	0.00280	0.02276
42	0.02281	9.9e-05	0.01670	0.00646	0.03672	0.01491	0.86546	0.00763	0.01436	0.00845	7.5e-05	0.00454	5.7e-05	3.2e-05	4.2e-05	1.2e-05	0.00153	4.2e-05	1.9e-05	5e-05
43	0.00530	0.00326	8.9e-05	0.01176	9.8e-05	5.6e-05	0.02276	0.01513	0.00010	0.94083	0.00014	0.00012	8.9e-05	4.5e-05	3.7e-05	1.1e-05	3.2e-05	3.7e-05	4.4e-05	6.2e-05
44	9.1e-05	7.9e-05	8.3e-05	7.4e-05	9.5e-05	9e-05	5.8e-05	0.00470	0.96882	0.00015	0.00015	0.00014	0.00011	4.9e-05	3.7e-05	1.2e-05	2.9e-05	4.1e-05	3.7e-05	0.02516
45	8.9e-05	8.5e-05	0.00015	0.07026	0.89823	8.6e-05	0.01615	0.00011	8.3e-05	0.00323	0.00386	9.4e-05	0.00733	3.4e-05	3.7e-05	1.1e-05	4.4e-05	3.3e-05	1.8e-05	5.6e-05
46	0.00011	0.89662	0.03710	7.3e-05	0.00010	0.01670	0.00302	0.00012	8.4e-05	0.01364	0.00934	7.9e-05	6.2e-05	4.2e-05	3.3e-05	1.7e-05	4.8e-05	0.02273	2.5e-05	5.5e-05
47	0.00016	6.3e-05	8.5e-05	6.5e-05	9.4e-05	5.5e-05	5.4e-05	0.01997	0.00011	0.95601	0.00014	0.00012	8.9e-05	4.5e-05	3.7e-05	1.1e-05	3.1e-05	3.6e-05	4.5e-05	0.02278
48	0.92437	7e-05	5.6e-05	4.9e-05	7.3e-05	8e-05	4.1e-05	0.00011	6.6e-05	0.07473	5.8e-05	6.4e-05	4.4e-05	3.5e-05	2.4e-05	1.1e-05	2.9e-05	2.1e-05	2.4e-05	4.1e-05
49	8.7e-05	7.2e-05	0.02415	0.20087	0.14290	0.00148	0.05563	0.02232	0.23848	0.11137	0.12759	0.02871	0.02999	0.00249	4e-05	1.2e-05	0.01144	0.00230	3e-05	5e-05
50	4.6e-05	3.8e-05	3.9e-05	3.9e-05	5.1e-05	3.3e-05	2.9e-05	0.02276	8.5e-05	0.00010	0.01368	0.05683	0.90072	9.3e-05	4.3e-05	1.3e-05	1.9e-05	0.00531	3.4e-05	3.2e-05
51	0.00016	6.6e-05	8.6e-05	6.6e-05	9.4e-05	6e-05	5.5e-05	0.10659	0.01034	0.83408	0.01361	0.02284	0.00408	4.7e-05	3.7e-05	1.1e-05	3.2e-05	3.9e-05	0.00765	6.1e-05
52	0.97254	0.00935	5.6e-05	0.00529	0.00720	8.3e-05	4.1e-05	0.00242	6.3e-05	0.00263	5.2e-05	6e-05	4e-05	3.4e-05	2.3e-05	1.1e-05	2.9e-05	2e-05	2.3e-05	4e-05
53	4.5e-05	3.3e-05	4.3e-05	5.1e-05	5.4e-05	3.1e-05	3.4e-05	5.3e-05	0.00645	9.5e-05	0.01404	0.90759	0.04351	0.00582	4.7e-05	1.5e-05	2.2e-05	0.02201	3.4e-05	3e-05
54	0.00011	0.09597	0.26481	0.00310	0.03311	0.54131	0.01260	0.01944	0.02055	0.00221	0.00127	7.3e-05	0.00127	3.8e-05	0.00396	1e-05	5.8e-05	2.5e-05	1.8e-05	4.7e-05
55	5.3e-05	3.8e-05	4.9e-05	4.6e-05	5.5e-05	3.5e-05	3.5e-05	7e-05	0.00010	0.00508	0.96720	0.00027	0.01327	7.5e-05	4.3e-05	1.1e-05	1.7e-05	6.6e-05	0.00988	0.00361
56	5.9e-05	0.01447	0.03528	0.01013	0.15238	4.7e-05	0.03684	0.00144	0.00568	0.01700	0.02137	0.57660	0.02592	8.9e-05	4.4e-05	1.4e-05	0.00193	0.09347	3e-05	0.00720
57	0.00495	6.6e-05	0.00450	0.95443	0.00760	8.2e-05	0.00010	0.01887	7.5e-05	9.7e-05	0.00402	9.9e-05	5.1e-05	3.7e-05	3.7e-05	1.2e-05	4.8e-05	0.00312	1.7e-05	0.00180
58	4.5e-05	3.8e-05	3.8e-05	3.8e-05	5e-05	0.00442	2.9e-05	5.5e-05	0.00496	0.00010	0.06982	0.00034	0.91685	0.00299	4.4e-05	1.2e-05	1.9e-05	7.6e-05	3.4e-05	3.1e-05
59	4.5e-05	3.7e-05	3.9e-05	3.9e-05	5.1e-05	3.1e-05	2.9e-05	5.5e-05	0.00367	0.00010	0.10662	0.07982	0.80916	9.3e-05	4.4e-05	1.2e-05	1.9e-05	7.8e-05	3.5e-05	3.1e-05
60	0.00014	0.00477	0.00010	9.4e-05	0.00011	0.98022	7e-05	0.00455	0.00010	9.1e-05	5.8e-05	6.7e-05	0.00304	3.8e-05	3.3e-05	9.4e-06	6.5e-05	2.4e-05	1.9e-05	0.00640
61	0.00646	0.00019	0.98759	0.00010	0.00470	8.5e-05	0.00013	0.00012	7.7e-05	0.00012	6.6e-05	7.7e-05	4.6e-05	3.5e-05	3.5e-05	1.2e-05	5.4e-05	2.7e-05	1.6e-05	5.4e-05
62	7.6e-05	6.5e-05	7.6e-05	5.4e-05	8.7e-05	4.9e-05	4.3e-05	9.2e-05	7.6e-05	0.00012	6.5e-05	7.6e-05	5.4e-05	2.7e-05	2.7e-05	5.4e-06	2.7e-05	2.2e-05	2.2e-05	0.99894
63	9.1e-05	7.9e-05	8.3e-05	0.00957	9.7e-05	9.1e-05	5.9e-05	0.00554	0.98358	0.00015	0.00015	0.00014	0.00011	5e-05	3.7e-05	1.2e-05	2.9e-05	4.1e-05	3.7e-05	5.8e-05
64	0.00294	6.3e-05	8.5e-05	0.00339	9.4e-05	5.5e-05	5.4e-05	0.01219	0.00011	0.97091	0.00014	0.00012	9e-05	4.5e-05	3.7e-05	1.1e-05	3.1e-05	3.7e-05	4.5e-05	0.00956
65	0.00402	0.00286	8.5e-05	6.5e-05	9.4e-05	5.5e-05	5.4e-05	0.00627	0.00285	0.98302	0.00014	0.00012	9e-05	4.5e-05	3.7e-05	1.1e-05	3.1e-05	3.7e-05	4.5e-05	6.2e-05
66	0.00524	6.6e-05	8.7e-05	6.7e-05	9.5e-05	6e-05	5.5e-05	0.09601	0.00243	0.88639	0.00014	0.00012	8.8e-05	4.5e-05	3.7e-05	1.1e-05	3.2e-05	3.6e-05	0.00651	0.00248
67	4.5e-05	3.5e-05	4.1e-05	4.6e-05	5.2e-05	3.1e-05	3.2e-05	5.3e-05	0.00282	9.6e-05	0.00027	0.56620	0.40074	0.00849	4.7e-05	1.4e-05	0.00465	0.01425	3.4e-05	0.00206
68	0.00294	6.3e-05	8.5e-05	6.5e-05	9.3e-05	5.5e-05	5.4e-05	0.02229	0.00011	0.95817	0.00014	0.00012	9e-05	4.5e-05	3.7e-05	1.1e-05	3.1e-05	3.7e-05	0.01087	0.00469
69	5.3e-05	3.9e-05	5.8e-05	5.8e-05	6.4e-05	4.6e-05	4.5e-05	6.5e-05	5.9e-05	8.4e-05	9.9e-05	0.00015	9.4e-05	0.05779	0.93641	5.7e-05	0.00474	4e-05	2e-05	3.2e-05
70	0.97090	0.01886	5.7e-05	4.9e-05	7.2e-05	0.00936	4e-05	0.00011	6.3e-05	0.00016	5.1e-05	6e-05	4e-05	3.4e-05	2.3e-05	1.1e-05	2.9e-05	2e-05	2.3e-05	4e-05
71	4.7e-05	3.4e-05	0.00172	0.00276	5.5e-05	3.2e-05	3.5e-05	0.00148	0.00473	0.00236	0.00963	0.79290	0.02757	0.08750	5.9e-05	1.7e-05	2.3e-05	0.06532	0.00174	0.00199
72	0.03243	0.83179	0.07776	6.7e-05	0.00218	0.03072	0.00244	0.00381	0.00196	0.00150	5.4e-05	0.00652	4.8e-05	3.3e-05	0.00147	8.5e-06	0.00712	2.1e-05	1.6e-05	4.7e-05
73	9e-05	0.00182	0.00719	0.08003	0.82480	0.01111	0.01813	0.02186	0.00667	0.00852	7.3e-05	0.00616	0.00482	3.5e-05	3.7e-05	1.1e-05	0.00174	0.00683	1.9e-05	5.6e-05
74	0.07702	0.02154	0.03771	0.02140	0.48182	0.07803	0.05228	0.08461	0.05460	0.05393	0.01185	0.01450	0.00641	0.00292	3.6e-05	1.1e-05	0.00121	3.4e-05	2.3e-05	5.4e-05

[dist]
# distance from previous block
# <min> <max>
1	12

[block]
# block no. 4 follows, 2374 sequences, length 21
name=PF00012.13_E
#
# <colnr> <probs for GDERKNQSTAVLIFYWHMCP> 
#	G	D	E	R	K	N	Q	S	T	A	V	L	I	F	Y	W	H	M	C	P
0	0.01722	9.2e-05	0.12859	0.35111	0.25808	0.01511	0.07848	0.04727	0.00483	0.00733	0.01022	0.02077	0.00628	4e-05	3.9e-05	1.2e-05	0.02280	0.03164	2e-05	4.8e-05
1	0.00011	0.00012	0.00802	0.03828	0.17323	0.45993	0.02351	0.00537	0.14593	0.00011	0.05542	0.01857	0.03751	0.00456	0.00446	1.1e-05	0.01978	0.00500	2.3e-05	4.6e-05
2	4.9e-05	3.7e-05	4.4e-05	4.2e-05	5.2e-05	3.3e-05	3.1e-05	6.2e-05	9.2e-05	0.00907	0.48457	0.00838	0.43343	0.05571	5.1e-05	1.3e-05	1.9e-05	7e-05	0.00821	3.3e-05
3	8.1e-05	4.2e-05	5.6e-05	5.5e-05	6.5e-05	3.8e-05	4e-05	0.00649	8.3e-05	0.28650	0.05042	0.57585	0.03527	0.01520	4.6e-05	1.4e-05	2.4e-05	0.02333	0.00637	4e-05
4	4.8e-05	3.7e-05	4.4e-05	4.3e-05	5.3e-05	3.3e-05	3.2e-05	6.3e-05	9.6e-05	0.00013	0.60200	0.00031	0.39682	8.2e-05	4.3e-05	1.2e-05	1.8e-05	7.1e-05	3.8e-05	3.3e-05
5	5.3e-05	3.7e-05	4.6e-05	4.7e-05	4.9e-05	3.9e-05	3e-05	5.8e-05	5.6e-05	7.7e-05	0.01267	0.01467	0.00012	0.63656	0.33529	4.3e-05	5.6e-05	5e-05	2.2e-05	2.6e-05
6	9.7e-05	0.91108	0.00019	6.9e-05	1e-04	0.00014	0.05567	0.00011	7.5e-05	8.8e-05	5.2e-05	6.2e-05	4.8e-05	3.2e-05	2.8e-05	8.4e-06	0.03206	2.1e-05	1.6e-05	4.7e-05
7	4.7e-05	3.3e-05	4.3e-05	5.1e-05	5.3e-05	3.1e-05	3.4e-05	5.4e-05	7e-05	0.01205	0.00020	0.90772	0.00023	0.04301	0.01426	1.6e-05	2.3e-05	0.01227	0.00978	3e-05
8	0.99897	7.1e-05	5.4e-05	4.8e-05	7.1e-05	8.2e-05	4e-05	0.00011	6.2e-05	0.00016	5.1e-05	6e-05	4e-05	3.4e-05	2.3e-05	1.1e-05	2.8e-05	2e-05	2.3e-05	4e-05
9	0.96696	7.3e-05	0.01605	4.9e-05	7.3e-05	8.2e-05	4.1e-05	0.00011	6.3e-05	0.01616	5.3e-05	6.1e-05	4.1e-05	3.4e-05	2.3e-05	1.1e-05	2.9e-05	2e-05	2.3e-05	4e-05
10	0.95080	7.3e-05	0.01619	5e-05	7.3e-05	8.1e-05	4.2e-05	0.00011	6.4e-05	0.03218	5.4e-05	6.2e-05	4.1e-05	3.4e-05	2.3e-05	1.1e-05	2.9e-05	2.1e-05	2.3e-05	4.1e-05
11	9.3e-05	7.9e-05	8.3e-05	7.5e-05	9.6e-05	9.1e-05	5.8e-05	0.01619	0.96639	0.01619	0.00015	0.00014	0.00011	5e-05	3.7e-05	1.2e-05	2.9e-05	4.1e-05	3.7e-05	5.8e-05
12	5.9e-05	4e-05	4.6e-05	4.4e-05	4.6e-05	4.2e-05	2.7e-05	0.05566	6.1e-05	8.2e-05	0.00011	0.03175	0.00013	0.86374	0.01646	3.3e-05	0.02316	5.3e-05	0.00843	2.5e-05
13	0.00010	0.94311	0.00019	6.5e-05	9.5e-05	0.05576	6.3e-05	0.00011	7.6e-05	8.6e-05	5.1e-05	5.9e-05	4.7e-05	3.2e-05	2.4e-05	7.9e-06	4.1e-05	2e-05	1.6e-05	4.7e-05
14	5.1e-05	3.8e-05	4.7e-05	4.5e-05	5.4e-05	3.5e-05	3.3e-05	0.01012	9.9e-05	0.00014	0.76169	0.01354	0.20388	0.01002	4.5e-05	1.2e-05	1.8e-05	6.9e-05	3.9e-05	3.4e-05
15	0.00013	0.00010	0.00011	8.3e-05	0.00011	0.00011	6.8e-05	0.90326	0.07927	0.00022	9.3e-05	9.2e-05	6.6e-05	4.4e-05	3.7e-05	1.1e-05	3.9e-05	3.3e-05	3.6e-05	0.01608
16	4.7e-05	3.7e-05	4.1e-05	4.2e-05	5.2e-05	3.2e-05	3.1e-05	5.8e-05	0.00618	0.00844	0.18994	0.20796	0.56694	0.00619	4.5e-05	1.3e-05	1.9e-05	0.00711	0.00680	3.2e-05
17	4.5e-05	3.3e-05	4.2e-05	4.9e-05	5.3e-05	3e-05	3.4e-05	5.2e-05	7.3e-05	9.5e-05	0.01203	0.83166	0.13398	0.00011	4.6e-05	1.4e-05	2.1e-05	0.01189	3.4e-05	0.00971
18	9.1e-05	0.03201	0.40635	0.02361	0.01087	0.02060	0.05053	0.13084	0.27081	0.02082	0.01421	0.00010	7.4e-05	4.1e-05	3.6e-05	1.2e-05	4.4e-05	0.00467	0.01424	5.5e-05
19	0.01330	3.9e-05	4.2e-05	4.2e-05	5.3e-05	3.5e-05	3.1e-05	6.2e-05	0.04025	0.01824	0.06402	0.12541	0.71686	0.01038	4.5e-05	1.3e-05	2e-05	0.01109	3.5e-05	3.3e-05
20	0.23189	0.33516	0.23845	7.5e-05	0.01061	0.01849	0.02975	0.03906	0.00458	0.07566	0.00418	0.00654	5.3e-05	3.7e-05	0.00532	1e-05	4.1e-05	2.5e-05	2.1e-05	4.9e-05

[dist]
# distance from previous block
# <min> <max>
10	19

[block]
# block no. 5 follows, 2374 sequences, length 12
name=PF00012.13_F
#
# <colnr> <probs for GDERKNQSTAVLIFYWHMCP> 
#	G	D	E	R	K	N	Q	S	T	A	V	L	I	F	Y	W	H	M	C	P
0	0.75961	7.1e-05	6.6e-05	0.14589	1e-04	8.2e-05	5.2e-05	0.01682	6.9e-05	0.00015	6.3e-05	7.7e-05	0.01676	4.5e-05	3.6e-05	0.05998	3.5e-05	2.7e-05	2.5e-05	4.2e-05
1	0.01205	0.70912	0.00016	0.13751	0.00011	0.05620	6.6e-05	0.00011	7.6e-05	8.9e-05	7.3e-05	8.4e-05	0.05998	3.9e-05	0.01199	9.6e-06	0.01223	2.5e-05	1.7e-05	4.5e-05
2	0.00865	7.6e-05	8.3e-05	7.5e-05	9.1e-05	0.02253	5.9e-05	0.01239	0.69037	0.01711	0.01022	0.06008	0.03213	5.7e-05	4.9e-05	1.3e-05	0.13748	4.4e-05	3.4e-05	0.00846
3	9.2e-05	0.00655	0.00011	0.00680	0.00706	0.00662	0.08228	0.01128	0.06000	0.14200	7.9e-05	0.00792	6.9e-05	0.08132	0.00714	1.7e-05	0.57228	0.00833	2.3e-05	4.4e-05
4	6e-05	4.2e-05	5.3e-05	5.5e-05	6.2e-05	4.3e-05	3.9e-05	0.13747	0.01679	0.00011	0.00017	0.75678	0.00020	0.00010	5e-05	0.05998	2.5e-05	8.7e-05	0.02784	3.4e-05
5	0.83366	6.5e-05	5.3e-05	4.8e-05	6.7e-05	7.4e-05	3.8e-05	9.8e-05	6.2e-05	0.00015	0.02785	7.3e-05	5.2e-05	4.8e-05	4e-05	0.13751	2.9e-05	2.3e-05	2.2e-05	3.6e-05
6	0.81970	6.7e-05	0.02094	4.9e-05	6.9e-05	7.4e-05	4.1e-05	9.9e-05	6.2e-05	0.00015	0.02092	7.2e-05	5e-05	4.8e-05	4e-05	0.13751	2.9e-05	2.3e-05	2.2e-05	3.7e-05
7	0.00926	0.17751	0.59465	0.13754	0.00016	0.02523	0.01292	0.01151	0.00867	0.01329	6.6e-05	0.00892	5e-05	3.6e-05	3.3e-05	1.1e-05	5e-05	2.8e-05	1.7e-05	5.1e-05
8	0.14884	0.75715	0.01698	6.6e-05	0.01680	0.05946	6.2e-05	0.00011	7.5e-05	9.9e-05	5.2e-05	6e-05	4.6e-05	3.2e-05	2.4e-05	8.6e-06	4e-05	2e-05	1.7e-05	4.6e-05
9	5.2e-05	3.5e-05	4.1e-05	4.2e-05	4.3e-05	3.5e-05	2.5e-05	5.3e-05	5.8e-05	7.7e-05	0.01647	0.16546	0.03228	0.74852	0.01500	0.02167	3.3e-05	6.2e-05	2.5e-05	2.4e-05
10	0.02105	0.81886	0.00018	0.13751	0.00012	0.02160	6.8e-05	0.00011	7.5e-05	8.9e-05	5.3e-05	6.4e-05	4.7e-05	3.2e-05	2.6e-05	8.6e-06	4.1e-05	2.1e-05	1.6e-05	4.6e-05
11	0.00576	0.01664	0.04766	0.02832	0.04153	0.34849	0.32396	0.04654	0.02175	0.02422	0.00484	0.01345	0.01243	0.00494	0.01595	0.00477	0.01501	0.01923	2.1e-05	0.00450

[dist]
# distance from previous block
# <min> <max>
0	17

[block]
# block no. 6 follows, 2374 sequences, length 11
name=PF00012.13_G
#
# <colnr> <probs for GDERKNQSTAVLIFYWHMCP> 
#	G	D	E	R	K	N	Q	S	T	A	V	L	I	F	Y	W	H	M	C	P
0	8.1e-05	0.00558	0.02022	0.56353	0.05139	0.04977	0.01162	0.01687	0.01994	0.07263	0.04499	0.02490	0.01048	0.00630	0.02162	1.3e-05	0.01061	3.6e-05	0.02602	0.04342
1	4.9e-05	3.8e-05	4.6e-05	4.9e-05	5.7e-05	3.4e-05	3.6e-05	6.2e-05	0.02618	0.00011	0.14070	0.40816	0.27887	9.7e-05	4.6e-05	0.01526	2.2e-05	0.08674	3.4e-05	0.04341
2	5.5e-05	4.1e-05	5.2e-05	0.04342	6.7e-05	3.9e-05	4e-05	0.01804	0.01477	0.02375	0.42989	0.13151	0.22007	8.4e-05	4.4e-05	1.3e-05	2.2e-05	0.11802	3.6e-05	3.5e-05
3	0.01560	0.30613	0.15979	0.07702	0.02964	0.20998	0.05208	0.01952	0.01769	0.01456	7e-05	0.02440	5.9e-05	3.8e-05	3.3e-05	1e-05	0.01466	0.01128	0.04739	4.7e-05
4	7.2e-05	6.1e-05	0.03002	0.00782	7.9e-05	0.01544	0.01125	0.00838	6.1e-05	0.04344	7.9e-05	0.00822	7.5e-05	0.08709	0.28358	0.15966	0.33646	0.00815	1.9e-05	3.4e-05
5	5.4e-05	3.7e-05	4.4e-05	4.7e-05	5.1e-05	3.6e-05	3.1e-05	0.02659	0.01280	0.01103	0.02449	0.39125	0.12319	0.32306	9e-05	2.1e-05	2.6e-05	0.03724	0.04988	3e-05
6	0.00570	5.3e-05	0.00725	0.02061	0.03943	0.00632	0.00738	0.02430	0.01958	0.20493	0.30478	0.05644	0.20150	0.00595	4.6e-05	1.2e-05	0.05149	0.01418	0.00865	0.02139
7	0.02403	0.14385	0.18461	0.07444	0.20782	0.04152	0.11188	0.06343	0.02944	0.06678	7.9e-05	0.03657	6.4e-05	3.9e-05	3.6e-05	1.1e-05	0.00824	0.00708	2.2e-05	5.2e-05
8	0.01524	0.06485	0.50769	0.03144	0.02738	0.02743	0.06946	0.03356	0.02161	0.02300	0.01500	0.06093	0.04579	4.5e-05	3.7e-05	1.2e-05	0.01036	0.02431	0.01368	0.00815
9	5.6e-05	3.8e-05	4.4e-05	4.4e-05	4.6e-05	3.9e-05	2.7e-05	0.02139	0.01565	8.1e-05	0.01937	0.01104	0.02477	0.79689	0.05151	0.01826	0.00986	0.01105	0.01981	2.5e-05
10	8.8e-05	8.9e-05	0.03285	0.05931	0.68448	0.03325	0.07447	0.00011	0.02227	0.00764	0.00764	0.02275	0.01696	0.00711	3.9e-05	1.2e-05	0.01084	0.02001	2e-05	5.4e-05

[dist]
# distance from previous block
# <min> <max>
3	4

[block]
# block no. 7 follows, 2374 sequences, length 27
name=PF00012.13_H
# note: PSSM column 0 corresponds to original block column 1
#
# <colnr> <probs for GDERKNQSTAVLIFYWHMCP> 
#	G	D	E	R	K	N	Q	S	T	A	V	L	I	F	Y	W	H	M	C	P
0	0.51801	0.02033	0.00375	0.01962	0.29782	0.08046	0.00635	0.01535	0.00330	0.02299	6.1e-05	7.3e-05	4.8e-05	3.6e-05	0.00440	1.1e-05	0.00731	2.5e-05	2.1e-05	4.7e-05
1	6.7e-05	5.9e-05	8.8e-05	0.04989	0.38749	5.8e-05	0.00423	0.00508	0.01175	0.00504	0.10636	0.04463	0.32557	0.00556	4.1e-05	1.2e-05	3.1e-05	0.02897	0.02504	4.3e-05
2	0.01012	0.84739	0.02711	0.01820	1e-04	0.06539	6.6e-05	0.00499	0.02024	0.00603	5.5e-05	6.3e-05	4.9e-05	3.3e-05	2.5e-05	8.3e-06	4.1e-05	2.1e-05	1.7e-05	4.7e-05
3	5.2e-05	3.8e-05	4.5e-05	4.8e-05	5.6e-05	0.00820	3.4e-05	0.00768	0.02184	0.03073	0.07090	0.53431	0.28847	0.00320	0.00313	1.4e-05	2.2e-05	0.01107	0.00697	0.01320
4	0.02913	0.01164	0.01249	0.27377	0.07764	0.00375	0.00287	0.32011	0.12670	0.05104	0.01465	0.03034	0.00421	0.00328	0.00322	1.2e-05	0.01777	0.01459	0.00274	5.2e-05
5	0.13997	0.05698	0.07612	0.04429	0.21563	0.11380	0.07033	0.13663	0.08215	0.03432	0.00622	0.00342	0.00214	0.00215	3.5e-05	0.00217	0.00511	0.00315	2.4e-05	0.00535
6	0.00011	0.52155	0.01995	0.00627	0.00011	0.33851	0.03350	0.05171	0.02325	9.8e-05	6e-05	6.8e-05	0.00460	3.5e-05	2.9e-05	8.9e-06	4.9e-05	2.3e-05	1.9e-05	4.7e-05
7	0.00612	0.00458	0.00293	0.08950	0.31984	0.06285	0.03819	0.03052	0.00833	0.08200	0.04082	0.01687	0.00439	3.7e-05	3.5e-05	9.6e-06	0.00714	0.00486	2.3e-05	0.28095
8	0.00819	0.00602	0.00011	0.50439	0.07322	0.00453	0.09403	0.00352	0.01216	0.01624	0.00308	0.11850	0.01370	0.00415	4.2e-05	1.3e-05	0.01051	0.12753	2.2e-05	4.1e-05
9	0.00570	6.3e-05	8.4e-05	6.5e-05	9.3e-05	5.6e-05	5.4e-05	0.03317	0.01785	0.88073	0.00858	0.02344	0.00592	4.7e-05	3.8e-05	1.1e-05	0.00815	3.9e-05	4.4e-05	0.01585
10	5e-05	3.7e-05	4.9e-05	0.01957	0.01370	3.6e-05	4e-05	0.00350	0.03080	0.00010	0.12122	0.61965	0.06506	0.00597	0.00473	0.00352	2.4e-05	0.11187	3.4e-05	3.2e-05
11	0.06509	8.3e-05	0.00634	0.37412	0.00020	8.5e-05	0.47435	0.01331	8.2e-05	0.06586	7.4e-05	9.7e-05	5.4e-05	3.4e-05	3.9e-05	1.2e-05	5.2e-05	3.7e-05	2e-05	4.7e-05
12	0.01807	7e-05	0.00012	0.75162	0.20422	8.3e-05	0.00010	0.00010	0.02507	0.00010	6.8e-05	9.7e-05	5.2e-05	3.6e-05	3.6e-05	1.2e-05	4.7e-05	3.3e-05	1.7e-05	4.5e-05
13	4.8e-05	3.4e-05	4.4e-05	5.1e-05	5.5e-05	3.2e-05	3.5e-05	5.7e-05	0.02184	0.01352	0.02677	0.89484	0.03439	0.00011	4.6e-05	1.5e-05	2.1e-05	0.00802	3.4e-05	3.1e-05
14	7.7e-05	7.2e-05	0.00012	0.60126	0.28863	0.00523	0.00377	0.00483	0.05314	0.00278	0.00311	0.01358	0.00398	0.00672	0.00279	1.2e-05	0.00311	0.00673	1.9e-05	4.6e-05
15	8.2e-05	0.02244	0.35768	0.16310	0.03161	8.7e-05	9.4e-05	0.00694	0.39135	0.01611	0.00010	0.00011	0.01004	4.2e-05	3.6e-05	1.2e-05	4.2e-05	3.4e-05	2.5e-05	5.3e-05
16	0.00452	8.9e-05	0.18898	0.00997	0.00011	6.5e-05	0.03620	0.02181	0.00960	0.68947	0.00736	0.00011	8.1e-05	4.4e-05	3.9e-05	1.2e-05	0.03140	3.5e-05	3.7e-05	5.9e-05
17	0.00797	4.9e-05	6e-05	0.00412	6.9e-05	4.5e-05	4e-05	0.01514	0.00498	0.43925	0.11958	0.00015	0.00012	0.00411	3.4e-05	1e-05	2.4e-05	3.9e-05	0.39932	0.00488
18	0.01952	0.01223	0.96704	0.00010	0.00016	8.6e-05	0.00013	0.00012	7.7e-05	0.00012	6.5e-05	7.7e-05	4.6e-05	3.5e-05	3.4e-05	1.2e-05	5.4e-05	2.7e-05	1.6e-05	5.4e-05
19	8.3e-05	8e-05	0.00400	0.45292	0.44778	0.02200	0.03246	0.01507	0.00664	0.00947	6.9e-05	0.00496	5.5e-05	3.5e-05	3.7e-05	1.2e-05	0.00422	3.3e-05	1.8e-05	4.9e-05
20	0.01369	6.2e-05	8.3e-05	6.4e-05	9.1e-05	5.5e-05	5.3e-05	0.00904	0.02214	0.90117	0.04259	0.00013	0.00010	4.7e-05	3.7e-05	1.1e-05	3e-05	3.8e-05	0.01051	6.1e-05
21	9e-05	8.6e-05	0.00015	0.01605	0.97068	8.6e-05	0.00011	0.00011	8.3e-05	0.00012	7e-05	9.5e-05	6e-05	3.4e-05	3.6e-05	1.1e-05	4.4e-05	0.01201	1.8e-05	5.8e-05
22	6.4e-05	5.9e-05	9.2e-05	0.59557	0.05909	6.7e-05	0.01992	8.5e-05	0.00645	1e-04	0.01717	0.00411	0.24183	5.2e-05	3.9e-05	1.2e-05	0.00567	0.01558	0.03401	3.9e-05
23	0.00365	0.00567	0.37444	0.01371	0.01233	0.00376	0.00543	0.00992	0.38027	0.10681	0.05612	0.00012	0.02108	4.6e-05	3.7e-05	1.2e-05	3.9e-05	0.00646	2.9e-05	5.5e-05
24	4.6e-05	3.3e-05	4.3e-05	5.1e-05	5.4e-05	3.1e-05	3.4e-05	5.4e-05	0.02184	9.5e-05	0.00021	0.95065	0.02651	0.00011	4.7e-05	1.5e-05	2.1e-05	0.00010	3.4e-05	3e-05
25	0.01117	0.00754	0.00011	8.3e-05	0.00011	0.00011	6.9e-05	0.95323	0.00740	0.01967	8.9e-05	8.9e-05	6.3e-05	4.4e-05	3.6e-05	1.1e-05	4e-05	3.3e-05	3.7e-05	6.2e-05
26	0.04921	9.6e-05	0.00010	0.00451	0.00419	0.02673	0.01349	0.71622	0.09644	0.03227	0.01260	9.7e-05	0.00298	0.01101	0.01200	1.2e-05	0.01525	3.4e-05	3.5e-05	0.00271

[dist]
# distance from previous block
# <min> <max>
0	2

[block]
# block no. 8 follows, 2374 sequences, length 13
name=PF00012.13_I
#
# <colnr> <probs for GDERKNQSTAVLIFYWHMCP> 
#	G	D	E	R	K	N	Q	S	T	A	V	L	I	F	Y	W	H	M	C	P
0	0.00777	0.00852	0.06178	0.00664	0.02066	0.02060	0.30429	0.28468	0.08058	0.15079	0.02643	0.00809	0.00586	4.2e-05	3.9e-05	1.2e-05	0.00602	0.00711	3e-05	5.5e-05
1	9.8e-05	7.7e-05	0.00923	7.7e-05	0.00808	0.00673	0.01470	0.06183	0.58228	0.12005	0.02697	0.01311	0.00608	5.5e-05	0.00907	1.3e-05	0.08997	0.03263	3.5e-05	0.01893
2	9.4e-05	0.09867	0.26333	0.00570	0.01718	0.08974	0.27345	0.09957	0.05951	0.02535	0.01369	0.01599	0.00567	3.8e-05	3.7e-05	1.1e-05	5e-05	0.00636	2.2e-05	0.02555
3	9e-05	5.9e-05	0.04664	5.6e-05	7.6e-05	5.1e-05	4.7e-05	0.01892	0.13805	0.28610	0.17471	0.00917	0.30718	6.6e-05	4e-05	1.2e-05	2.6e-05	0.00917	0.00950	4.6e-05
4	0.00011	0.01336	0.04668	0.09662	0.06286	0.40018	0.02285	0.17267	0.13930	0.00512	8.2e-05	0.00579	0.00503	4.2e-05	0.00551	1.1e-05	0.00531	0.00583	0.00509	0.00754
5	4.8e-05	4.1e-05	0.01387	5e-05	5.9e-05	0.01360	0.02982	5.8e-05	8e-05	0.00010	0.10920	0.42495	0.38699	9.7e-05	4.5e-05	1.3e-05	2.2e-05	0.02088	3.4e-05	3.2e-05
6	7.7e-05	0.01068	0.47855	7.9e-05	0.00012	0.01071	8.8e-05	0.00933	0.00961	0.01898	0.02779	0.01661	6.3e-05	3.4e-05	3.2e-05	9e-06	4e-05	2.7e-05	2e-05	0.41715
7	5.1e-05	3.8e-05	4.4e-05	4.4e-05	5.1e-05	3.6e-05	3.1e-05	6.1e-05	0.01525	9.7e-05	0.09251	0.03986	0.35665	0.26113	0.15604	2.6e-05	3.6e-05	0.02777	0.05023	3e-05
8	8.2e-05	0.36435	0.21726	7.3e-05	0.00010	9.6e-05	7.5e-05	0.01122	9e-05	0.00011	0.02318	0.03265	0.33928	6.7e-05	4.4e-05	2.1e-05	4.4e-05	5.5e-05	0.01115	5.3e-05
9	0.06107	0.01580	0.00011	8.8e-05	0.01309	0.05219	0.01363	0.33254	0.30744	0.15849	0.00013	0.00013	0.00785	5.9e-05	0.01053	2.2e-05	4.7e-05	0.02013	4.6e-05	0.00662
10	8.1e-05	4.6e-05	5.8e-05	5.5e-05	6.7e-05	0.00760	4.1e-05	0.01330	0.04403	0.24338	0.02611	0.39669	0.07007	0.09327	5.6e-05	1.5e-05	2.7e-05	0.07623	0.00735	0.02153
11	0.03087	0.22495	0.00794	0.01029	7.5e-05	0.01641	4.9e-05	0.03537	0.08324	0.03839	0.05466	0.05721	0.04356	0.18125	0.12578	2.2e-05	0.02769	0.05566	0.00657	3.9e-05
12	0.04673	0.18355	0.33447	0.00746	0.02237	0.05150	0.05280	0.02423	0.03488	0.17368	0.00652	9e-05	6.2e-05	3.7e-05	3.3e-05	1.1e-05	4.4e-05	0.01133	2.3e-05	0.05019

[dist]
# distance from previous block
# <min> <max>
1	8

[block]
# block no. 9 follows, 2374 sequences, length 34
