[name]
Cullin
# Cullin family

[dist]
# distance from previous block
# <min> <max>
2	3174

[block]
# block no. 0 follows, 489 sequences, length 51
name=PF00888.15_A
# note: PSSM column 0 corresponds to original block column 1
#
# <colnr> <probs for GDERKNQSTAVLIFYWHMCP> 
#	G	D	E	R	K	N	Q	S	T	A	V	L	I	F	Y	W	H	M	C	P
0	0.01286	0.20350	0.40217	0.06598	0.03305	0.05585	0.01319	0.06131	0.02622	0.02559	0.00038	0.00047	0.01610	0.00019	0.00017	5.3e-05	0.02260	0.04578	9.6e-05	0.01445
1	0.02341	0.09647	0.07673	0.12675	0.14147	0.05464	0.07562	0.06802	0.10479	0.10307	0.03818	0.02665	0.01156	0.00022	0.00018	5.5e-05	0.00369	0.04173	0.00012	0.00664
2	0.01776	0.04973	0.03838	0.04926	0.14784	0.02220	0.04761	0.12045	0.11100	0.06514	0.06799	0.07461	0.08265	0.02716	0.00652	6.2e-05	0.01701	0.03648	0.01279	0.00537
3	0.03312	0.01009	0.03003	0.01451	0.05943	0.00843	0.01186	0.02484	0.00038	0.07285	0.07003	0.53791	0.05269	0.02127	0.00022	6.7e-05	0.00013	0.03945	0.00522	0.00748
4	0.02907	0.52119	0.10521	0.04047	0.02607	0.08730	0.00501	0.03246	0.10259	0.01640	0.01406	0.00038	0.00029	0.00019	0.01862	5e-05	0.00021	0.00012	9.7e-05	0.00023
5	0.00042	0.08013	0.07958	0.03436	0.27062	0.11179	0.08437	0.05135	0.06520	0.00527	0.03711	0.01047	0.15506	0.00023	0.00242	5.4e-05	0.01102	0.00020	0.00011	0.00023
6	0.04166	0.00022	0.00025	0.00024	0.00030	0.01633	0.00018	0.03032	0.05028	0.09006	0.35099	0.13741	0.22534	0.02533	0.00022	6.1e-05	0.00011	0.00031	0.03021	0.00018
7	0.06848	0.00024	0.00028	0.00028	0.00033	0.01289	0.00022	0.12012	0.02079	0.02396	0.13174	0.20259	0.13603	0.03582	0.00023	6.9e-05	0.00013	0.24546	0.00016	0.00018
8	0.01112	0.05083	0.04933	0.04738	0.05897	0.00778	0.00645	0.04884	0.15184	0.03609	0.15625	0.10368	0.08277	0.01086	0.00022	0.01692	0.01891	0.13692	0.00464	0.00021
9	0.00022	0.00017	0.00021	0.00023	0.00026	0.00015	0.00430	0.00027	0.00038	0.00051	0.19272	0.54036	0.22025	0.02385	0.00023	6.8e-05	9.9e-05	0.00822	0.00736	0.00015
10	0.00026	0.00018	0.00021	0.00021	0.00023	0.00017	0.00014	0.00030	0.02555	0.02079	0.16108	0.18330	0.03165	0.57448	0.00061	0.00013	0.00014	0.00031	0.00014	0.00013
11	0.02313	0.04333	0.00060	0.29769	0.28539	0.04676	0.04580	0.15368	0.01644	0.07135	0.00951	0.00045	0.00029	0.00018	0.00017	5.4e-05	0.00464	0.00016	0.00011	0.00025
12	0.00024	0.00018	0.00024	0.00024	0.00027	0.00019	0.00018	0.00029	0.00031	0.00042	0.01341	0.08991	0.18485	0.18054	0.51012	0.00020	0.00731	0.00026	0.01066	0.00015
13	0.00024	0.00019	0.00022	0.00023	0.00027	0.00018	0.00017	0.00031	0.06471	0.00050	0.11642	0.23560	0.39309	0.05590	0.11937	9.5e-05	0.00015	0.01206	0.00016	0.00016
14	0.15105	0.11815	0.13408	0.02942	0.03160	0.03746	0.11891	0.13282	0.06416	0.02130	0.00534	0.01199	0.00029	0.00022	0.02561	6e-05	0.07703	0.00015	0.00011	0.04025
15	0.10452	0.44949	0.10552	0.00035	0.00050	0.09244	0.00802	0.19838	0.00046	0.00997	0.00030	0.00035	0.00025	0.01806	0.00016	4.8e-05	0.01073	0.00012	0.00010	0.00024
16	0.00043	0.00041	0.00070	0.05482	0.87616	0.00556	0.02818	0.00053	0.00040	0.00057	0.00036	0.02429	0.00647	0.00017	0.00018	5.3e-05	0.00021	0.00017	8.9e-05	0.00027
17	0.00046	0.70682	0.18964	0.00035	0.00052	0.00061	0.01007	0.04256	0.00039	0.02339	0.02362	0.00034	0.00027	0.00016	0.00013	4.3e-05	0.00020	0.00011	8.6e-05	0.00024
18	0.04902	0.00024	0.01022	0.00917	0.03504	0.00022	0.03398	0.03607	0.01330	0.08400	0.38101	0.23024	0.04592	0.00290	0.02814	6.6e-05	0.00013	0.01994	0.00601	0.01440
19	0.00025	0.00017	0.00020	0.00020	0.00020	0.00017	0.00011	0.00026	0.00026	0.00035	0.00058	0.05573	0.00067	0.91466	0.02536	0.00017	0.00017	0.00027	0.00011	0.00011
20	0.01000	0.00053	0.39706	0.00043	0.00058	0.00032	0.15230	0.01397	0.00041	0.05664	0.10294	0.04187	0.08897	0.03103	0.00021	6.3e-05	0.00576	0.07317	0.02352	0.00022
21	0.01096	0.00438	0.14349	0.10529	0.22697	0.10746	0.04658	0.03839	0.07894	0.14664	0.03508	0.01219	0.03591	0.00021	0.00320	5.5e-05	0.00021	0.00369	0.00012	0.00025
22	0.00032	0.00036	0.19592	0.00033	0.01721	0.00741	0.00893	0.00040	0.02365	0.04950	0.00053	0.04182	0.03442	0.30254	0.26160	0.00015	0.05443	0.00021	0.00011	0.00018
23	0.00027	0.00020	0.00029	0.00029	0.00032	0.00024	0.00022	0.00032	0.00029	0.00638	0.00049	0.04835	0.00047	0.04568	0.80434	0.00025	0.07265	0.00020	0.01861	0.00016
24	0.00043	0.00042	0.04922	0.35001	0.32622	0.00699	0.10333	0.11024	0.02058	0.03033	0.00036	0.00046	0.00027	0.00017	0.00018	5.6e-05	0.00023	0.00016	1e-04	0.00025
25	0.00561	0.00043	0.00308	0.13733	0.33617	0.12532	0.09858	0.05052	0.07144	0.03164	0.05755	0.03306	0.02584	0.01810	0.00020	5.7e-05	0.00246	0.00229	0.00011	0.00024
26	0.00695	0.09628	0.00604	0.01293	0.07216	0.01300	0.00646	0.03074	0.00036	0.03813	0.00400	0.21736	0.00063	0.04761	0.02313	0.00726	0.22664	0.19002	0.00012	0.00019
27	0.00022	0.00016	0.00022	0.00025	0.00027	0.00015	0.00931	0.00026	0.00034	0.00046	0.01580	0.84637	0.00797	0.04904	0.00026	7.7e-05	0.00011	0.06842	0.00016	0.00014
28	0.02184	0.00031	0.00039	0.00031	0.00043	0.00029	0.00025	0.11464	0.04250	0.69620	0.01912	0.04269	0.00048	0.00023	0.00018	5.5e-05	0.00015	0.00394	0.05570	0.00028
29	0.01654	0.10099	0.09814	0.24669	0.40972	0.03655	0.02936	0.00916	0.00039	0.00053	0.03405	0.00045	0.00030	0.00018	0.00648	5.5e-05	0.00994	0.00015	8.8e-05	0.00024
30	0.01647	0.00032	0.00055	0.89667	0.05650	0.00040	0.02570	0.00046	0.00036	0.00047	0.00031	0.00047	0.00024	0.00017	0.00018	5.8e-05	0.00023	0.00016	8e-05	0.00020
31	0.00022	0.00015	0.00020	0.00024	0.00025	0.00014	0.00016	0.00025	0.00034	0.00046	0.00100	0.93683	0.04188	0.00054	0.00022	7.1e-05	0.00010	0.00049	0.01629	0.00014
32	0.00023	0.00017	0.00021	0.00023	0.00026	0.00016	0.00016	0.01290	0.00038	0.00050	0.09639	0.54053	0.28413	0.00708	0.01632	7e-05	0.00011	0.01722	0.02283	0.00015
33	0.01652	0.01035	0.02176	0.00863	0.02798	0.17161	0.09186	0.10159	0.04948	0.02744	0.03101	0.14655	0.02087	0.04076	0.02577	7.2e-05	0.13686	0.07054	0.00013	0.00021
34	0.21748	0.10991	0.02907	0.01839	0.09336	0.11904	0.09607	0.04633	0.00950	0.03262	0.04780	0.04478	0.02613	0.04440	0.03655	6.7e-05	0.01818	0.00017	0.00011	0.01004
35	0.00420	0.02986	0.00052	0.13318	0.25966	0.03585	0.03795	0.09126	0.14866	0.01847	0.02419	0.09353	0.03604	0.02829	0.00021	6.1e-05	0.01807	0.02910	0.01067	0.00023
36	0.03702	0.10713	0.00661	0.00037	0.00050	0.05919	0.00031	0.59063	0.06563	0.01552	0.01727	0.02886	0.01907	0.00024	0.01958	5.6e-05	0.00019	0.00386	0.00383	0.02415
37	0.01703	0.00030	0.00040	0.00037	0.07675	0.02037	0.04223	0.06840	0.04266	0.33276	0.10604	0.01086	0.02960	0.10308	0.09878	9.1e-05	0.02404	0.01760	0.00839	0.00023
38	0.00880	0.12484	0.00056	0.00042	0.04256	0.16321	0.00033	0.54763	0.00064	0.03285	0.00040	0.03866	0.00032	0.02358	0.00019	5.4e-05	0.01440	0.00016	0.00014	0.00026
39	0.00862	0.30770	0.07428	0.01898	0.00338	0.03024	0.02400	0.09918	0.04869	0.04252	0.08183	0.03987	0.09914	0.00027	0.02092	5.6e-05	0.00018	0.06050	0.00013	0.03951
40	0.00044	0.48292	0.26035	0.00039	0.02661	0.04230	0.01493	0.00793	0.01931	0.03583	0.01821	0.03024	0.00032	0.00020	0.00931	5e-05	0.02501	0.02534	9.2e-05	0.00023
41	0.00051	0.02107	0.03131	0.07636	0.07669	0.04080	0.01564	0.09071	0.01350	0.31294	0.05235	0.07634	0.05521	0.02308	0.00844	6.3e-05	0.05783	0.04674	0.00016	0.00024
42	0.00036	0.03968	0.91531	0.00050	0.01920	0.00042	0.00063	0.00056	0.00037	0.00055	0.00031	0.00037	0.00023	0.00017	0.00017	5.5e-05	0.00025	0.00013	7.5e-05	0.02066
43	0.00429	0.00041	0.15240	0.20311	0.19505	0.00376	0.00858	0.05043	0.02935	0.08138	0.01634	0.04282	0.11759	0.00027	0.02544	6.3e-05	0.02196	0.02254	0.02400	0.00023
44	0.03116	0.02845	0.01529	0.14434	0.08193	0.10309	0.05279	0.29300	0.00723	0.08546	0.01041	0.03587	0.01569	0.00370	0.01807	6.1e-05	0.02026	0.05283	0.00013	0.00024
45	0.00031	0.00027	0.00028	0.00029	0.00034	0.11055	0.00023	0.00040	0.04814	0.00942	0.08476	0.10976	0.14606	0.06311	0.02770	8.1e-05	0.00626	0.39170	0.00015	0.00017
46	0.00023	0.00019	0.00021	0.00022	0.00026	0.02540	0.00016	0.00028	0.00039	0.00049	0.10586	0.33910	0.46891	0.01835	0.00022	6.5e-05	0.00010	0.01884	0.00016	0.02055
47	0.01986	0.06923	0.25739	0.00044	0.04145	0.05141	0.05274	0.23573	0.10067	0.05506	0.02662	0.02249	0.01719	0.00363	0.00018	5.5e-05	0.01348	0.02538	0.00672	0.00026
48	0.00382	0.01909	0.02088	0.16310	0.43511	0.02191	0.00784	0.00046	0.04158	0.00052	0.00051	0.18427	0.02570	0.01447	0.00022	0.04244	0.00019	0.01758	0.00011	0.00022
49	0.00022	0.00016	0.00021	0.00024	0.00026	0.00015	0.00017	0.00025	0.00034	0.00045	0.00099	0.87158	0.04538	0.03323	0.00025	7.5e-05	0.00011	0.04563	0.00016	0.00014
50	0.00042	0.00039	0.00066	0.09015	0.71691	0.00457	0.04777	0.03329	0.00757	0.00399	0.00037	0.00051	0.00031	0.02404	0.01460	6e-05	0.00021	0.02413	0.02978	0.00026

[dist]
# distance from previous block
# <min> <max>
1	23

[block]
# block no. 1 follows, 489 sequences, length 27
name=PF00888.15_B
#
# <colnr> <probs for GDERKNQSTAVLIFYWHMCP> 
#	G	D	E	R	K	N	Q	S	T	A	V	L	I	F	Y	W	H	M	C	P
0	0.04640	0.00730	0.43668	0.12804	0.02002	0.02649	0.04663	0.00570	0.03253	0.14042	0.00655	0.01784	0.03110	0.01230	0.01323	6.1e-05	0.01975	0.00861	0.00011	0.00024
1	0.00034	0.00024	0.00708	0.00026	0.03950	0.06547	0.01615	0.00779	0.02420	0.01059	0.04051	0.03149	0.00056	0.18726	0.02213	7.6e-05	0.00014	0.04657	0.49946	0.00017
2	0.77523	0.00036	0.00034	0.00028	0.00040	0.00040	0.06236	0.09692	0.00036	0.00079	0.00028	0.01163	0.00022	0.00017	0.00012	5.4e-05	0.00015	0.00011	0.00011	0.04969
3	0.05455	0.02691	0.13154	0.01100	0.00699	0.03753	0.02226	0.10115	0.04192	0.10400	0.01041	0.03771	0.00990	0.12320	0.11157	9.3e-05	0.00868	0.03266	0.06431	0.06360
4	0.04921	0.06755	0.27427	0.00050	0.01101	0.04865	0.24610	0.13549	0.07971	0.06165	0.01738	0.00045	0.00031	0.00018	0.00018	5.5e-05	0.00679	0.00016	0.00011	0.00025
5	0.00030	0.00022	0.00891	0.00025	0.00028	0.02059	0.00018	0.06301	0.00033	0.02338	0.06049	0.03855	0.00062	0.46360	0.28686	0.00018	0.00935	0.00749	0.00012	0.01527
6	0.00038	0.00032	0.00035	0.00033	0.00041	0.00036	0.00026	0.02364	0.65328	0.00068	0.06404	0.11436	0.02166	0.00031	0.00019	6.3e-05	0.00013	0.10576	0.01324	0.00024
7	0.04574	0.00457	0.00054	0.03171	0.06714	0.13223	0.09660	0.31837	0.04140	0.02651	0.01191	0.02690	0.00034	0.02844	0.00808	6.3e-05	0.14054	0.01468	0.00399	0.00024
8	0.04407	0.00626	0.00069	0.09298	0.62986	0.06350	0.02435	0.04237	0.02819	0.01194	0.00041	0.00053	0.00035	0.01916	0.00552	0.00011	0.01310	0.01615	0.00015	0.00031
9	0.00025	0.00017	0.00021	0.00024	0.00026	0.00016	0.00017	0.00030	0.00035	0.01081	0.00093	0.55378	0.07957	0.03979	0.03948	7.9e-05	0.00012	0.11670	0.15649	0.00015
10	0.00042	0.02505	0.51212	0.00885	0.07349	0.00963	0.13092	0.05413	0.07353	0.05703	0.01494	0.00044	0.00030	0.00551	0.00019	5.7e-05	0.03287	0.00016	0.00010	0.00026
11	0.26137	0.03962	0.01336	0.19691	0.11865	0.02039	0.03702	0.06568	0.03677	0.02258	0.11625	0.00059	0.04763	0.00021	0.00016	0.00314	0.00017	0.01082	0.00844	0.00021
12	0.00028	0.00020	0.00027	0.00031	0.00035	0.00020	0.00027	0.00035	0.00040	0.00052	0.00099	0.04117	0.06491	0.00049	0.00024	8e-05	0.00016	0.88847	0.00016	0.00016
13	0.00025	0.00018	0.00022	0.00025	0.03945	0.00018	0.00015	0.00027	0.00032	0.00042	0.08795	0.22757	0.07990	0.52277	0.01832	0.00640	0.00605	0.00908	0.00013	0.00013
14	0.01085	0.00047	0.02930	0.04608	0.34204	0.11193	0.17668	0.01913	0.16810	0.05806	0.00042	0.00366	0.00033	0.00019	0.00019	5.6e-05	0.02563	0.00651	0.00011	0.00026
15	0.00046	0.94121	0.01429	0.00030	0.00045	0.00067	0.00030	0.00052	0.00036	0.00043	0.00026	0.00030	0.00024	0.00015	0.00011	3.8e-05	0.00019	9.8e-05	0.03939	0.00022
16	0.00026	0.00020	0.00025	0.00026	0.01234	0.00018	0.01225	0.00033	0.00886	0.02075	0.13513	0.09132	0.35680	0.00747	0.03383	7.5e-05	0.00013	0.31923	0.00016	0.00016
17	0.05046	0.08299	0.13036	0.09460	0.16012	0.03257	0.07851	0.07664	0.13271	0.06329	0.00572	0.02367	0.04533	0.00022	0.00895	5.7e-05	0.01324	0.00017	0.00012	0.00025
18	0.00034	0.10900	0.03350	0.00877	0.00038	0.05633	0.03687	0.03624	0.05652	0.03773	0.18330	0.30258	0.09841	0.00990	0.00717	6.2e-05	0.01210	0.01045	0.00015	0.00019
19	0.01454	0.00047	0.00050	0.00039	0.00052	0.01806	0.00032	0.81364	0.02258	0.10136	0.00045	0.00045	0.00032	0.00022	0.00018	0.01212	0.00019	0.00016	0.01324	0.00029
20	0.01149	0.03122	0.10531	0.15045	0.33435	0.04994	0.03856	0.04622	0.03950	0.06794	0.00310	0.04411	0.00033	0.00021	0.01450	5.8e-05	0.03261	0.00017	0.02968	0.00025
21	0.02008	0.40080	0.16963	0.15572	0.02540	0.02938	0.07482	0.00316	0.04561	0.03298	0.00489	0.00447	0.01842	0.00925	0.00016	5e-05	0.00021	0.00464	9.1e-05	0.00023
22	0.01340	0.00543	0.04993	0.00027	0.00330	0.02044	0.01108	0.00408	0.10388	0.03887	0.02801	0.37448	0.26291	0.03772	0.00531	6.9e-05	0.01759	0.02292	0.00016	0.00018
23	0.01927	0.08536	0.02708	0.01589	0.03044	0.35033	0.07161	0.04398	0.09330	0.04726	0.01216	0.01964	0.00487	0.00025	0.00018	5.6e-05	0.00455	0.17344	0.00012	0.00022
24	0.01881	0.12958	0.08172	0.02976	0.07466	0.07475	0.09604	0.13277	0.10535	0.14229	0.01951	0.01780	0.04612	0.00249	0.00816	5.6e-05	0.00614	0.01031	0.00013	0.00355
25	0.03415	0.11729	0.13637	0.04094	0.13593	0.12629	0.07451	0.12643	0.00662	0.07317	0.00551	0.02505	0.01264	0.00440	0.00972	0.00805	0.06241	0.00016	0.00011	0.00024
26	0.00025	0.00018	0.00022	0.00022	0.00024	0.00018	0.02396	0.00027	0.00029	0.00039	0.02819	0.02299	0.13081	0.66455	0.12639	0.00016	0.00020	0.00027	0.00012	0.00012

[dist]
# distance from previous block
# <min> <max>
9	131

[block]
# block no. 2 follows, 489 sequences, length 12
name=PF00888.15_C
# note: PSSM column 0 corresponds to original block column 3
#
# <colnr> <probs for GDERKNQSTAVLIFYWHMCP> 
#	G	D	E	R	K	N	Q	S	T	A	V	L	I	F	Y	W	H	M	C	P
0	0.00026	0.00018	0.00022	0.00023	0.00026	0.00017	0.00016	0.01495	0.01609	0.02260	0.06337	0.41311	0.10959	0.25854	0.05079	0.00010	0.00014	0.03316	0.00015	0.01591
1	0.02182	0.06656	0.06711	0.00042	0.01763	0.23842	0.05677	0.22271	0.11413	0.04276	0.01363	0.00047	0.00713	0.03266	0.02569	6.3e-05	0.06155	0.00016	0.01008	0.00024
2	0.00033	0.00022	0.00027	0.00024	0.00031	0.00020	0.00018	0.03111	0.01955	0.11130	0.41705	0.01097	0.21934	0.04506	0.02614	6.5e-05	0.00012	0.00957	0.00868	0.09930
3	0.00042	0.00594	0.01976	0.04982	0.09641	0.14708	0.11341	0.07463	0.11132	0.02977	0.01662	0.12107	0.07262	0.03172	0.03300	6.9e-05	0.02036	0.04524	0.01052	0.00022
4	0.00024	0.00018	0.00022	0.00021	0.00026	0.00016	0.00016	0.00031	0.02185	0.00060	0.52913	0.04110	0.38701	0.01752	0.00022	6e-05	8.9e-05	0.00034	0.00018	0.00016
5	0.00022	0.00016	0.00021	0.00024	0.00026	0.00015	0.01042	0.00026	0.00035	0.00047	0.05179	0.69049	0.15900	0.05394	0.00026	7.4e-05	0.00011	0.00983	0.02162	0.00015
6	0.06656	0.00044	0.00046	0.00596	0.00050	0.08319	0.05185	0.32011	0.32387	0.08039	0.00052	0.00054	0.00039	0.02617	0.02468	6.4e-05	0.00019	0.00608	0.00777	0.00026
7	0.01244	0.00582	0.03026	0.03168	0.07940	0.05926	0.04931	0.22734	0.22025	0.20204	0.00053	0.00705	0.00040	0.00022	0.00018	5.6e-05	0.01150	0.03617	0.00016	0.02595
8	0.46267	0.02493	0.06246	0.00032	0.00044	0.09623	0.04199	0.06386	0.10157	0.05421	0.00640	0.02846	0.00032	0.03633	0.00018	5.9e-05	0.01055	0.00868	0.00012	0.00022
9	0.00041	0.00026	0.00032	0.00707	0.00035	0.01782	0.00891	0.11777	0.03849	0.16254	0.06685	0.04934	0.01510	0.30406	0.09968	0.00012	0.02535	0.06898	0.01642	0.00019
10	0.01273	0.00016	0.00023	0.00023	0.00023	0.00016	0.00015	0.00024	0.00023	0.00032	0.00032	0.00056	0.00032	0.03674	0.03116	0.91573	0.00016	0.00016	7.9e-05	8.2e-05
11	0.00040	0.02629	0.02488	0.00030	0.01774	0.03637	0.01341	0.02847	0.00885	0.03256	0.00034	0.00039	0.00979	0.00014	0.00014	3.1e-05	0.00015	0.00011	0.00011	0.79953

[dist]
# distance from previous block
# <min> <max>
6	30

[block]
# block no. 3 follows, 489 sequences, length 18
name=PF00888.15_D
#
# <colnr> <probs for GDERKNQSTAVLIFYWHMCP> 
#	G	D	E	R	K	N	Q	S	T	A	V	L	I	F	Y	W	H	M	C	P
0	0.00027	0.00019	0.00846	0.00022	0.00026	0.00017	0.00917	0.00032	0.01311	0.01239	0.24448	0.18927	0.08332	0.24004	0.00630	8.6e-05	0.00012	0.02709	0.14319	0.02154
1	0.00048	0.01158	0.04056	0.04102	0.12403	0.17838	0.05040	0.10413	0.08979	0.09577	0.01629	0.06293	0.12681	0.00954	0.00021	5.7e-05	0.04131	0.00636	0.00013	0.00023
2	0.00025	0.00018	0.00023	0.00025	0.00906	0.00017	0.00018	0.00029	0.00037	0.02162	0.10549	0.52000	0.14704	0.04289	0.05271	8.2e-05	0.00925	0.05017	0.00016	0.03961
3	0.00039	0.01879	0.00038	0.00027	0.00042	0.00724	0.00022	0.02154	0.01602	0.03147	0.00035	0.01492	0.00029	0.00945	0.00015	3.1e-05	0.01173	0.00012	0.01672	0.84952
4	0.01273	0.03819	0.12896	0.03486	0.08136	0.03558	0.08269	0.07883	0.07403	0.11311	0.01378	0.01954	0.02629	0.00850	0.00441	5.1e-05	0.02163	0.00617	0.00012	0.21916
5	0.00820	0.05283	0.52300	0.00045	0.00930	0.02907	0.05997	0.07637	0.01076	0.06150	0.04354	0.01761	0.02430	0.01296	0.01388	5.8e-05	0.00959	0.00016	0.00011	0.04635
6	0.00026	0.00018	0.00023	0.00024	0.00028	0.00017	0.00018	0.00031	0.00038	0.03668	0.10989	0.37411	0.22474	0.05949	0.00026	7.2e-05	0.00011	0.13799	0.01668	0.03776
7	0.00665	0.07321	0.23333	0.06636	0.04971	0.04710	0.10232	0.07571	0.02271	0.07494	0.12292	0.07946	0.03731	0.00024	0.00018	5.6e-05	0.00020	0.00723	0.00012	0.00023
8	0.01838	0.05615	0.09979	0.07742	0.19415	0.08838	0.08232	0.05979	0.04245	0.09743	0.03013	0.02746	0.00036	0.00020	0.00019	5.3e-05	0.03447	0.01521	0.01467	0.06101
9	0.00526	0.01392	0.03763	0.00032	0.01900	0.00806	0.01323	0.12571	0.07951	0.18597	0.06077	0.15337	0.02811	0.01492	0.06909	0.01169	0.01262	0.01939	0.11100	0.03043
10	0.00542	0.00026	0.00454	0.02277	0.05476	0.02210	0.11714	0.01308	0.01305	0.02222	0.09829	0.13581	0.15474	0.10493	0.05740	0.01858	0.03538	0.06221	0.05715	0.00018
11	0.01282	0.21287	0.28305	0.02495	0.09532	0.04611	0.14251	0.04774	0.04490	0.02516	0.00034	0.00698	0.00027	0.00018	0.00527	5.2e-05	0.01063	0.00014	9.4e-05	0.04061
12	0.01327	0.07435	0.07973	0.12693	0.10581	0.02582	0.05071	0.08276	0.03742	0.04265	0.13147	0.04832	0.08422	0.00896	0.01556	6.1e-05	0.02607	0.03879	0.00688	0.00022
13	0.00025	0.00017	0.00021	0.00021	0.00022	0.00018	0.00013	0.00027	0.00028	0.00038	0.05062	0.04503	0.01302	0.71693	0.17119	0.00018	0.00021	0.00026	0.00011	0.00012
14	0.01008	0.01937	0.28698	0.08600	0.18538	0.06179	0.07930	0.02854	0.10435	0.05316	0.02295	0.01557	0.01308	0.00485	0.00018	5.6e-05	0.00022	0.00446	0.02345	0.00025
15	0.03270	0.05257	0.18148	0.06289	0.21794	0.06323	0.11938	0.06679	0.08442	0.06897	0.00041	0.01675	0.00676	0.00019	0.00018	5.5e-05	0.01589	0.00904	0.00011	0.00025
16	0.00813	0.00022	0.01460	0.05218	0.01682	0.00022	0.00019	0.03294	0.00903	0.02780	0.00931	0.01388	0.02552	0.57152	0.15747	0.02011	0.01942	0.02040	0.00011	0.00014
17	0.00026	0.00019	0.00028	0.00028	0.00031	0.00023	0.00022	0.00031	0.00028	0.00041	0.00047	0.00072	0.00045	0.07737	0.88749	0.00027	0.03002	0.00019	9.5e-05	0.00015

[dist]
# distance from previous block
# <min> <max>
2	3

[block]
# block no. 4 follows, 489 sequences, length 22
name=PF00888.15_E
# note: PSSM column 0 corresponds to original block column 2
#
# <colnr> <probs for GDERKNQSTAVLIFYWHMCP> 
#	G	D	E	R	K	N	Q	S	T	A	V	L	I	F	Y	W	H	M	C	P
0	0.00699	0.02647	0.01030	0.10717	0.44808	0.02689	0.07696	0.02080	0.02366	0.02317	0.03214	0.05370	0.05034	0.00596	0.04578	6.7e-05	0.03037	0.00020	0.01072	0.00024
1	0.01254	0.00040	0.00052	0.00761	0.14787	0.07697	0.01089	0.00999	0.04380	0.00537	0.00031	0.00495	0.00029	0.04343	0.06103	8.6e-05	0.56594	0.00769	9e-05	0.00021
2	0.05246	0.01073	0.01299	0.01793	0.11264	0.17397	0.08942	0.33145	0.10350	0.06052	0.01028	0.00045	0.00032	0.00019	0.00017	5.3e-05	0.00021	0.00016	0.00014	0.02244
3	0.64314	0.02183	0.00035	0.01312	0.02449	0.06482	0.01266	0.04373	0.01005	0.01673	0.00030	0.00603	0.00025	0.00019	0.00015	5.5e-05	0.05861	0.03209	0.00011	0.05128
4	0.00034	0.00032	0.00053	0.90064	0.05864	0.00039	0.00048	0.00045	0.00036	0.00046	0.01567	0.00051	0.00028	0.00018	0.00018	5.9e-05	0.00023	0.01999	8.2e-05	0.00020
5	0.00772	0.00042	0.01310	0.09264	0.56703	0.04459	0.08668	0.01281	0.09973	0.00058	0.03226	0.00439	0.02151	0.00018	0.00018	5.4e-05	0.00021	0.00017	0.01549	0.00026
6	0.00022	0.00016	0.00021	0.00024	0.00026	0.00015	0.00016	0.00025	0.00035	0.00046	0.01655	0.88534	0.07387	0.00054	0.00022	7.1e-05	0.00010	0.02055	0.00016	0.00014
7	0.00511	0.00676	0.06666	0.01967	0.06241	0.10580	0.09516	0.09306	0.31724	0.02158	0.04364	0.03318	0.02183	0.00025	0.00571	6e-05	0.05930	0.04221	0.00014	0.00024
8	0.00029	0.00016	0.00023	0.00023	0.00023	0.00015	0.00015	0.00023	0.00024	0.00033	0.00040	0.08789	0.01003	0.07382	0.01403	0.81107	0.00015	0.00019	8.8e-05	8.7e-05
9	0.00033	0.00032	0.01387	0.04717	0.10485	0.04128	0.21881	0.00447	0.01766	0.00557	0.02706	0.31306	0.10127	0.00036	0.02681	6.9e-05	0.05857	0.00615	0.01212	0.00019
10	0.01269	0.00031	0.00040	0.00932	0.02311	0.02532	0.01962	0.03419	0.08221	0.05389	0.00041	0.02357	0.00037	0.02071	0.16258	0.11484	0.23929	0.02703	0.00526	0.14488
11	0.04528	0.03087	0.02745	0.00042	0.00052	0.15034	0.11307	0.20420	0.07872	0.04906	0.02770	0.09016	0.00041	0.00027	0.01914	0.00980	0.12563	0.00469	0.00013	0.02215
12	0.00028	0.00022	0.00826	0.00031	0.00746	0.01377	0.04706	0.00035	0.06280	0.00969	0.01251	0.53133	0.00780	0.02704	0.03800	0.00554	0.02292	0.19183	0.01265	0.00017
13	0.57856	0.00034	0.00031	0.00026	0.00037	0.00038	0.00021	0.18934	0.01002	0.06398	0.00036	0.00039	0.00027	0.00018	0.00013	5.2e-05	0.00014	0.00012	0.15436	0.00022
14	0.00046	0.00693	0.02180	0.10327	0.15443	0.08692	0.02706	0.13117	0.23345	0.01948	0.00612	0.04876	0.00763	0.00683	0.01196	0.00387	0.12032	0.00018	0.00910	0.00024
15	0.24590	0.00027	0.00028	0.00024	0.00033	0.02412	0.00019	0.01652	0.00042	0.24032	0.20811	0.01284	0.02197	0.00024	0.00016	5.2e-05	0.00012	0.00019	0.22753	0.00021
16	0.00040	0.16889	0.28624	0.00040	0.02323	0.07073	0.05796	0.01491	0.09978	0.02189	0.13887	0.02035	0.05851	0.00025	0.01851	5.8e-05	0.00873	0.00995	0.00012	0.00023
17	0.00024	0.00018	0.00022	0.00023	0.00026	0.00016	0.00016	0.02012	0.00041	0.00879	0.23124	0.38803	0.28193	0.02182	0.00023	6.7e-05	0.00010	0.04548	0.00017	0.00015
18	0.00629	0.06055	0.07354	0.15606	0.33872	0.08170	0.04436	0.05511	0.07901	0.00586	0.03840	0.00910	0.04048	0.00020	0.00018	5.4e-05	0.00987	0.00017	0.00011	0.00024
19	0.07453	0.00026	0.00032	0.00028	0.00037	0.00025	0.00022	0.02902	0.06403	0.41701	0.09136	0.09413	0.06196	0.05275	0.03206	0.01997	0.00015	0.04221	0.01888	0.00023
20	0.00696	0.04641	0.12150	0.08023	0.12324	0.20986	0.04169	0.03071	0.15655	0.01240	0.05215	0.01248	0.00448	0.00850	0.02192	0.00293	0.02797	0.01315	0.02665	0.00023
21	0.00530	0.00023	0.00026	0.01325	0.00028	0.05620	0.00666	0.00033	0.02066	0.01118	0.02297	0.10241	0.09272	0.45796	0.12587	0.00504	0.05033	0.00026	0.02794	0.00014

[dist]
# distance from previous block
# <min> <max>
6	76

[block]
# block no. 5 follows, 489 sequences, length 15
name=PF00888.15_F
# note: PSSM column 0 corresponds to original block column 2
#
# <colnr> <probs for GDERKNQSTAVLIFYWHMCP> 
#	G	D	E	R	K	N	Q	S	T	A	V	L	I	F	Y	W	H	M	C	P
0	0.00027	0.00018	0.00023	0.02413	0.00029	0.00017	0.00018	0.01627	0.00037	0.03811	0.13616	0.45742	0.05814	0.17826	0.00034	8.6e-05	0.00012	0.08896	0.00016	0.00015
1	0.00044	0.02389	0.09663	0.00045	0.02595	0.07306	0.20068	0.09802	0.19184	0.04603	0.08841	0.03583	0.04669	0.00026	0.01757	6.2e-05	0.01971	0.03410	0.00014	0.00024
2	0.00032	0.00021	0.01624	0.00025	0.00030	0.00019	0.00019	0.00042	0.04947	0.09493	0.56834	0.04663	0.05808	0.00035	0.00020	5.8e-05	0.00010	0.08517	0.07835	0.00018
3	0.02878	0.02606	0.00051	0.00040	0.00052	0.06975	0.05248	0.47018	0.21631	0.01719	0.00046	0.01198	0.00035	0.00024	0.02046	5.8e-05	0.03520	0.00017	0.00015	0.04875
4	0.00702	0.00035	0.01723	0.00033	0.00042	0.04560	0.01106	0.02816	0.46611	0.03488	0.02909	0.11752	0.05307	0.00030	0.02899	6.2e-05	0.00602	0.00835	0.00016	0.14528
5	0.00030	0.00022	0.01127	0.00547	0.00031	0.00023	0.00713	0.02563	0.03480	0.04691	0.06696	0.07422	0.14563	0.22293	0.23640	0.00014	0.04902	0.04063	0.00601	0.02579
6	0.01466	0.00044	0.01080	0.00064	0.00079	0.01779	0.73537	0.00055	0.01848	0.04164	0.01212	0.02175	0.00033	0.03523	0.02414	7e-05	0.05835	0.00652	1e-04	0.00023
7	0.01488	0.00026	0.00034	0.00031	0.00039	0.00024	0.00026	0.03754	0.04002	0.38592	0.03575	0.05723	0.01199	0.00037	0.02901	7.2e-05	0.00016	0.35899	0.02605	0.00023
8	0.02870	0.00029	0.00034	0.00030	0.01846	0.04273	0.01758	0.07919	0.04692	0.30316	0.10301	0.09613	0.07022	0.00928	0.00019	0.01398	0.00014	0.03123	0.12615	0.01198
9	0.00028	0.00020	0.00024	0.00022	0.00028	0.00019	0.00017	0.03530	0.04045	0.05424	0.36413	0.06439	0.40325	0.01687	0.00022	6e-05	9.9e-05	0.00860	0.01064	0.00017
10	0.00023	0.00016	0.00021	0.00024	0.00026	0.00015	0.00016	0.00027	0.00036	0.02138	0.01434	0.74874	0.17059	0.01360	0.00023	7e-05	0.00010	0.01687	0.01190	0.00015
11	0.01180	0.01200	0.02070	0.00027	0.00030	0.00501	0.00021	0.03027	0.01346	0.00691	0.01161	0.50591	0.03213	0.07985	0.04275	0.00581	0.00780	0.20577	0.00728	0.00016
12	0.00036	0.00025	0.00038	0.00509	0.03520	0.00025	0.10057	0.00573	0.00038	0.15492	0.02502	0.43940	0.01664	0.00043	0.04786	7.6e-05	0.08284	0.03089	0.04467	0.00903
13	0.00025	0.00017	0.00020	0.00021	0.00021	0.00017	0.00012	0.00026	0.00027	0.00036	0.00061	0.10264	0.02110	0.76173	0.06208	0.04895	0.00018	0.00028	0.00011	0.00011
14	0.01101	0.00073	0.07478	0.01201	0.00060	0.63953	0.12298	0.06444	0.00048	0.00051	0.00031	0.02425	0.00026	0.00019	0.00019	5.1e-05	0.04721	0.00014	9.6e-05	0.00022

[dist]
# distance from previous block
# <min> <max>
4	29

[block]
# block no. 6 follows, 489 sequences, length 6
name=PF00888.15_G
# note: PSSM column 0 corresponds to original block column 3
#
# <colnr> <probs for GDERKNQSTAVLIFYWHMCP> 
#	G	D	E	R	K	N	Q	S	T	A	V	L	I	F	Y	W	H	M	C	P
0	0.00025	0.00018	0.00023	0.00024	0.00027	0.01023	0.00933	0.00828	0.00033	0.00044	0.04242	0.41665	0.14552	0.09736	0.08239	0.13545	0.01429	0.02492	0.01109	0.00014
1	0.02775	0.02713	0.01942	0.01384	0.01535	0.02025	0.01021	0.39240	0.38964	0.01023	0.00055	0.02616	0.00866	0.00024	0.01039	5.8e-05	0.01742	0.00018	0.00016	0.00996
2	0.01442	0.00021	0.00028	0.02305	0.00744	0.00022	0.00753	0.05331	0.01502	0.01996	0.12870	0.12640	0.06939	0.18556	0.27754	0.00014	0.01437	0.03331	0.02298	0.00016
3	0.01701	0.08940	0.37418	0.04173	0.08248	0.03110	0.09948	0.06966	0.03158	0.06494	0.00829	0.02215	0.00769	0.02298	0.00019	5.7e-05	0.01308	0.00016	0.01005	0.01379
4	0.00711	0.17338	0.42695	0.01269	0.03129	0.07371	0.10283	0.01700	0.02129	0.01674	0.02296	0.02322	0.01711	0.00021	0.01860	0.01449	0.01028	0.00015	0.00977	0.00024
5	0.00023	0.00017	0.00020	0.00021	0.00025	0.00015	0.00015	0.00027	0.00038	0.02576	0.05340	0.39135	0.49016	0.01798	0.00023	6.6e-05	9.9e-05	0.01861	0.00017	0.00015

[dist]
# distance from previous block
# <min> <max>
10	15

[block]
# block no. 7 follows, 489 sequences, length 14
name=PF00888.15_H
# note: PSSM column 0 corresponds to original block column 1
#
# <colnr> <probs for GDERKNQSTAVLIFYWHMCP> 
#	G	D	E	R	K	N	Q	S	T	A	V	L	I	F	Y	W	H	M	C	P
0	0.00025	0.00017	0.00022	0.00024	0.00027	0.00016	0.00017	0.00030	0.03285	0.02982	0.09494	0.63513	0.08850	0.05983	0.01165	7.6e-05	0.00011	0.03162	0.01353	0.00015
1	0.00730	0.03149	0.04379	0.18765	0.16130	0.03074	0.10274	0.04402	0.05649	0.07051	0.06241	0.07523	0.07924	0.00026	0.01707	6.1e-05	0.01213	0.00745	0.00012	0.01001
2	0.03532	0.01122	0.02372	0.40605	0.16416	0.03290	0.06119	0.03137	0.02507	0.07505	0.00037	0.01507	0.00029	0.01113	0.01161	5.9e-05	0.01959	0.00016	0.01479	0.06087
3	0.00044	0.00039	0.01998	0.08209	0.04776	0.12671	0.03811	0.04847	0.15157	0.08559	0.06986	0.03758	0.06548	0.00031	0.05496	7e-05	0.11976	0.00020	0.04143	0.00923
4	0.00025	0.00017	0.00022	0.00025	0.00027	0.00016	0.00018	0.00030	0.01518	0.03092	0.06139	0.62562	0.12609	0.02522	0.00024	7.2e-05	0.00011	0.11305	0.00017	0.00015
5	0.08008	0.01526	0.03102	0.03031	0.05744	0.06999	0.26177	0.07637	0.01724	0.04812	0.06277	0.09018	0.02830	0.00923	0.03401	0.02552	0.04293	0.01396	0.00012	0.00538
6	0.01851	0.00036	0.00041	0.00033	0.01350	0.01991	0.01712	0.40202	0.04408	0.06430	0.05500	0.03114	0.08617	0.07361	0.01486	0.01100	0.00017	0.00551	0.01956	0.12240
7	0.00024	0.00016	0.00021	0.00024	0.00025	0.00015	0.00016	0.00025	0.00033	0.00043	0.01112	0.62382	0.07550	0.08656	0.00035	0.13802	0.00012	0.04051	0.02147	0.00013
8	0.00038	0.00026	0.00649	0.00028	0.00035	0.02183	0.03384	0.09302	0.05565	0.13141	0.19329	0.20246	0.14398	0.00042	0.06445	7.4e-05	0.00015	0.01047	0.04098	0.00020
9	0.02085	0.05099	0.04233	0.02346	0.22919	0.08791	0.04022	0.06572	0.04569	0.04036	0.03686	0.02742	0.00552	0.01960	0.00021	0.00578	0.06738	0.02179	0.14686	0.02186
10	0.14149	0.02567	0.01977	0.01518	0.03045	0.05055	0.05088	0.08254	0.01810	0.18227	0.13396	0.02831	0.00523	0.07269	0.03336	0.00771	0.06354	0.01490	0.00672	0.01669
11	0.18930	0.01101	0.00892	0.06150	0.47321	0.03067	0.02218	0.01486	0.03066	0.00061	0.01101	0.02427	0.02189	0.01702	0.01274	5.7e-05	0.00571	0.00016	0.00010	0.06411
12	0.03960	0.03865	0.05753	0.00035	0.09325	0.00604	0.00784	0.02813	0.00563	0.03317	0.17938	0.27827	0.08842	0.01923	0.05068	7.3e-05	0.00965	0.02002	0.01546	0.02863
13	0.00672	0.00726	0.00033	0.06783	0.08750	0.00024	0.01296	0.02118	0.08814	0.04328	0.03137	0.39464	0.14659	0.00040	0.01708	6.6e-05	0.00014	0.01649	0.01325	0.04451

# created by:
# /gobics/home/okeller/bin/block2patt.pl --max_entropy=0.7 --mode=none PF00888.15.blocks
