[name]
Aldedh
# Aldehyde dehydrogenase family

[dist]
# distance from previous block
# <min> <max>
1	537

[block]
# block no. 0 follows, 3669 sequences, length 20
name=PF00171.15_A
#
# <colnr> <probs for GDERKNQSTAVLIFYWHMCP> 
#	G	D	E	R	K	N	Q	S	T	A	V	L	I	F	Y	W	H	M	C	P
0	0.00386	0.00821	0.04798	0.09239	0.04941	0.00769	0.03369	0.08014	0.48343	0.04000	0.03866	0.00919	0.00263	0.00659	0.02837	0.00354	0.01602	0.00941	0.00413	0.03465
1	0.01029	0.00325	0.02817	0.03377	0.00741	3e-05	0.06915	0.01455	0.02303	0.04233	0.03048	0.13062	0.19496	0.32664	0.03626	0.00448	0.01214	0.02947	0.00294	2.2e-05
2	0.01290	0.21707	0.23180	0.00608	0.03715	0.02034	0.03217	0.04098	0.09048	0.12061	0.01625	0.00475	0.00747	2.5e-05	2.2e-05	6.5e-06	0.01662	0.00307	0.00356	0.13866
3	0.00977	0.01247	4.1e-05	0.04585	0.01703	0.01378	0.00316	0.06889	0.11666	0.01903	0.49230	0.03629	0.13194	0.00429	2.7e-05	7.7e-06	0.00437	0.00713	0.01693	2.6e-05
4	0.00246	0.01544	0.02324	0.05422	0.02495	0.02874	0.01291	0.02158	0.08800	0.00693	0.12783	0.09755	0.17992	0.12692	0.11163	0.00523	0.02743	0.00896	0.00759	0.02845
5	0.00403	0.24500	0.04034	0.01639	7.1e-05	0.50269	0.00972	0.08682	0.00517	0.02434	4.2e-05	0.00378	3.5e-05	0.01367	0.02306	7.1e-06	0.01356	1.7e-05	0.01125	3e-05
6	5.1e-05	4.3e-05	5e-05	3.7e-05	0.01397	0.00700	2.9e-05	0.01366	5.1e-05	0.02084	0.00790	0.00704	3.8e-05	1.9e-05	1.8e-05	3.8e-06	1.8e-05	1.5e-05	1.5e-05	0.92920
7	0.02759	0.00260	0.00388	0.01897	0.00483	0.00595	0.00252	0.11742	0.01785	0.57379	0.06353	0.01290	0.02415	0.02771	0.06541	0.00449	0.01088	0.00811	0.00739	3.5e-05
8	0.00611	0.17829	0.00323	0.01320	0.00677	0.11014	0.00505	0.05020	0.57064	0.00445	0.00320	0.02117	0.00383	3e-05	2.3e-05	7.3e-06	0.02046	0.00314	2e-05	3.4e-05
9	0.69341	0.02168	0.06368	0.01105	0.01344	0.05444	0.05633	0.01731	0.00370	0.01093	0.00298	0.01951	3.2e-05	0.00290	0.00294	7.5e-06	0.01780	0.00325	0.00456	2.7e-05
10	0.01855	0.06374	0.41354	0.06923	0.07879	0.01743	0.08345	0.07846	0.04894	0.07437	0.01923	0.00929	0.00768	0.00303	2.4e-05	7.4e-06	0.00755	0.00387	0.00279	3.4e-05
11	0.00497	0.00831	0.05050	0.02908	0.03774	0.00432	0.02565	0.02171	0.08491	0.05293	0.36601	0.09649	0.07011	0.00796	0.00324	0.00247	0.01085	0.00339	0.00788	0.11150
12	0.00251	0.00476	0.00499	0.00861	0.00300	0.02770	0.02704	0.01771	0.01710	0.02836	0.10969	0.30277	0.32926	0.05328	0.02025	0.02355	0.00552	0.01048	0.00339	2.2e-05
13	0.23072	0.00956	0.00806	0.01968	0.01744	0.00389	0.00289	0.05357	0.07307	0.43676	0.02486	0.03171	0.00914	0.00754	0.00576	0.00314	0.00538	0.00708	0.04429	0.00546
14	0.00667	0.06044	0.15490	0.11656	0.06807	0.02535	0.12740	0.07621	0.17591	0.03376	0.03445	0.01140	0.01296	0.00547	0.02109	0.00901	0.04678	0.00629	0.00310	0.00418
15	0.00408	2.6e-05	3.3e-05	0.00606	3.9e-05	2.5e-05	0.00470	0.01370	0.01729	0.04940	0.57582	0.08097	0.14380	0.02039	0.03425	0.00441	0.00364	0.01549	0.02071	0.00518
16	0.02005	0.01310	0.02389	0.02225	0.01673	0.01043	0.04988	0.06968	0.02762	0.32242	0.01697	0.00831	0.00693	0.00379	0.01922	7e-06	0.03581	0.01383	0.01629	0.30278
17	0.00932	0.09079	0.16982	0.07142	0.05104	0.03632	0.03491	0.07099	0.02486	0.16335	0.03092	0.13813	0.01218	0.01264	0.01418	0.00276	0.01663	0.03149	0.01422	0.00402
18	0.18237	0.00369	4.8e-05	3.9e-05	0.00356	3.9e-05	0.00617	0.05872	0.01182	0.51226	0.01067	0.04421	0.02517	0.00831	0.00803	7.9e-06	0.00432	0.05220	0.06026	0.00810
19	0.20920	0.16534	0.01892	0.01437	0.01682	0.04857	0.02219	0.22489	0.21821	0.01939	0.00453	0.00306	0.00547	0.00287	2.1e-05	7.1e-06	0.00703	0.00519	0.00423	0.00969

[dist]
# distance from previous block
# <min> <max>
2	3

[block]
# block no. 1 follows, 3669 sequences, length 13
name=PF00171.15_B
#
# <colnr> <probs for GDERKNQSTAVLIFYWHMCP> 
#	G	D	E	R	K	N	Q	S	T	A	V	L	I	F	Y	W	H	M	C	P
0	0.01299	0.52203	0.22346	0.00886	7.5e-05	0.00520	0.08497	0.00737	0.04663	0.02654	0.00917	0.00909	0.00776	2.5e-05	0.00735	0.00450	0.01169	0.00769	0.00458	3.2e-05
1	0.01745	3e-05	3.6e-05	3.3e-05	4.2e-05	2.8e-05	2.5e-05	0.00851	0.09979	0.15427	0.42251	0.08583	0.16349	0.00672	0.01448	0.00729	1.5e-05	0.00971	0.00971	2.6e-05
2	0.01103	0.33426	0.12672	0.11686	0.04294	0.08831	0.04219	0.02658	0.01870	0.08010	0.01496	0.03272	0.01076	2.7e-05	0.00756	7e-06	0.02319	0.01203	0.00416	0.00690
3	0.02102	0.05978	0.11491	0.21864	0.07780	0.00894	0.07777	0.02382	0.02611	0.20088	0.02381	0.06506	0.01928	0.00567	0.01200	0.00453	0.02526	0.00696	0.00395	0.00380
4	0.00696	4e-05	5.3e-05	4.2e-05	0.00683	3.5e-05	0.00650	0.02073	0.01859	0.83190	0.03116	0.02164	0.02925	3.3e-05	2.5e-05	0.00818	2e-05	0.01139	0.00659	3.8e-05
5	0.00578	2.5e-05	0.00563	3e-05	3.6e-05	2.3e-05	2.2e-05	0.00580	0.00819	0.02682	0.41815	0.14125	0.29751	0.03941	0.01492	9e-06	1.4e-05	0.01944	0.00833	0.00860
6	0.01168	0.19844	0.17316	0.05004	0.06364	0.04630	0.08921	0.05153	0.03142	0.20525	0.02232	0.01973	0.01032	0.00415	0.00455	7.2e-06	0.00852	0.00498	0.00472	3.4e-05
7	0.02375	0.00603	0.01632	0.02846	0.03333	0.04744	0.01993	0.11069	0.04120	0.52348	0.05267	0.02893	0.02451	0.00552	0.02217	8.2e-06	0.00458	0.00470	0.00628	3.6e-05
8	0.01902	4.1e-05	5.4e-05	4.2e-05	6e-05	0.00844	3.5e-05	0.03408	0.02056	0.87196	0.01795	0.00985	6.2e-05	3e-05	2.4e-05	7.4e-06	2e-05	0.00850	0.00922	3.9e-05
9	0.00876	0.04695	0.07496	0.21659	0.12691	0.01781	0.09507	0.05634	0.01650	0.11216	0.04991	0.01239	0.00501	0.00585	0.03380	0.01422	0.09011	0.00705	0.00960	3.1e-05
10	0.01598	0.03869	0.10666	0.16693	0.13070	0.01884	0.07362	0.03955	0.03217	0.26776	0.02300	0.01758	0.01444	0.00446	0.00388	7.7e-06	0.01959	0.01651	0.00573	0.00391
11	0.08800	4.1e-05	5.3e-05	0.00607	0.00519	3.8e-05	0.00940	0.03077	0.02605	0.72623	0.03509	0.01618	0.00539	3.5e-05	0.02956	8.3e-06	0.00508	0.00501	0.00693	0.00487
12	0.01072	3.6e-05	0.00992	0.03580	0.01461	3.5e-05	0.22137	0.00719	4.4e-05	0.04314	0.01321	0.07897	0.00441	0.44409	0.03294	0.03896	0.02338	0.01120	0.00499	0.00498

[dist]
# distance from previous block
# <min> <max>
3	11

[block]
# block no. 2 follows, 3669 sequences, length 16
name=PF00171.15_C
# note: PSSM column 0 corresponds to original block column 2
#
# <colnr> <probs for GDERKNQSTAVLIFYWHMCP> 
#	G	D	E	R	K	N	Q	S	T	A	V	L	I	F	Y	W	H	M	C	P
0	0.03393	0.04583	0.01142	0.02437	0.02058	0.03983	0.00569	0.18973	0.29225	0.05750	0.00510	0.02772	0.00376	0.00311	0.00441	6.8e-06	0.01043	0.00344	2e-05	0.22088
1	0.05255	4.1e-05	0.00431	0.02738	0.01098	0.00538	0.01106	0.02075	0.05386	0.29884	0.03785	0.04643	0.01637	0.01065	0.00934	0.00535	0.00895	0.00802	0.00457	0.36734
2	0.02837	0.02355	0.06047	0.08519	0.11696	0.01077	0.05488	0.08051	0.04143	0.19313	0.03261	0.05713	0.02654	0.01523	0.05476	0.00761	0.05294	0.02316	0.00294	0.03183
3	0.00587	0.10131	0.43162	0.06051	0.07481	0.01685	0.10567	0.01352	0.03756	0.06499	0.02542	0.00747	0.00337	0.00395	0.00785	0.00648	0.02491	0.00293	0.00490	3.3e-05
4	4.5e-05	4.2e-05	7e-05	0.93346	0.02312	5.2e-05	6.4e-05	6.2e-05	0.01657	6.3e-05	0.01552	6.6e-05	3.6e-05	2.4e-05	2.4e-05	7.9e-06	3.1e-05	2.2e-05	0.01068	2.7e-05
5	0.19351	4.8e-05	0.02479	0.05013	0.03771	0.00424	0.03988	0.14701	0.02190	0.38852	0.02049	0.00318	0.01058	0.00414	0.00618	0.00317	0.00832	0.00732	0.01934	0.00955
6	0.01640	0.06788	0.09641	0.25114	0.12034	0.05046	0.08411	0.01844	0.02731	0.18991	0.01097	0.01565	0.00849	2.7e-05	0.00472	0.00329	0.01563	0.00434	0.00341	0.01106
7	3.8e-05	0.00362	3.4e-05	0.01441	0.02898	2.5e-05	0.00354	0.00354	0.01251	0.06211	0.19582	0.22624	0.29369	0.00732	0.05206	0.03240	0.01172	0.02772	0.02096	0.00326
8	3.2e-05	0.01655	3.1e-05	3.4e-05	3.7e-05	2.2e-05	2.4e-05	0.00616	0.00626	0.00617	0.04738	0.74585	0.04330	0.01494	3.1e-05	9.7e-06	1.5e-05	0.11311	2.2e-05	2e-05
9	0.00388	0.01747	0.04597	0.26219	0.05124	0.04619	0.03636	0.02381	0.02386	0.01457	0.00635	0.16247	0.01642	0.06934	0.08197	0.01319	0.07734	0.03906	0.00831	2.5e-05
10	0.00803	0.02131	0.03751	0.39132	0.35416	0.03033	0.01918	0.01035	0.01225	0.07486	0.00542	0.01261	3.9e-05	2.4e-05	2.4e-05	7.5e-06	0.01423	0.00389	0.00443	3.2e-05
11	0.00585	2.6e-05	3.3e-05	3.3e-05	3.8e-05	2.4e-05	2.4e-05	0.00523	0.01676	0.15492	0.11195	0.27375	0.10653	0.09084	0.01500	0.18588	1.8e-05	0.02504	0.00803	2.1e-05
12	0.06718	0.00481	5.1e-05	0.02263	0.02364	0.00692	0.00664	0.03640	0.00327	0.53885	0.04121	0.01987	0.02396	0.06613	0.07916	0.00504	0.04026	0.00418	0.00974	3.3e-05
13	0.02282	0.43075	0.16422	0.05066	0.01619	0.03095	0.07248	0.01584	0.04952	0.08456	0.00764	0.00758	0.00303	0.00317	0.01045	0.00328	0.00669	0.01051	1.3e-05	0.00966
14	0.01168	0.00299	0.05191	0.04047	0.05001	0.00465	0.00694	0.00946	0.01829	0.06902	0.03848	0.58523	0.07224	0.00755	0.01095	0.00356	0.00359	0.00815	0.00478	2.4e-05
15	3.3e-05	2.5e-05	3e-05	3.2e-05	3.7e-05	2.3e-05	0.00462	0.00526	0.00567	0.00927	0.12785	0.27060	0.36175	0.02697	0.00475	9.4e-06	0.00831	0.16986	0.00489	2.1e-05

[dist]
# distance from previous block
# <min> <max>
1	2

[block]
# block no. 3 follows, 3669 sequences, length 21
name=PF00171.15_D
#
# <colnr> <probs for GDERKNQSTAVLIFYWHMCP> 
#	G	D	E	R	K	N	Q	S	T	A	V	L	I	F	Y	W	H	M	C	P
0	0.01888	0.04441	0.27713	0.14703	0.06943	0.01650	0.09291	0.04733	0.01529	0.24067	0.00557	0.00613	0.00380	2.5e-05	2.4e-05	7.4e-06	0.00883	0.00290	1.6e-05	0.00311
1	0.00460	0.11898	0.03817	0.26161	0.03635	0.21482	0.02656	0.00568	5.1e-05	0.01283	0.00449	0.00453	0.00582	0.00281	0.01675	8.3e-06	0.21771	0.02106	0.00716	2.8e-05
2	0.04090	0.00335	0.03061	0.11070	0.11940	0.02700	0.07449	0.03559	0.05630	0.29204	0.04713	0.04386	0.03541	0.02389	0.00572	0.00772	0.01962	0.01791	0.00833	3.2e-05
3	0.03364	0.29426	0.35808	0.01128	0.02586	0.01847	0.04001	0.00881	0.01872	0.07686	0.01116	0.02848	0.00304	0.00425	0.00462	6.9e-06	0.01312	0.00398	0.00271	0.04265
4	0.00397	0.14331	0.46284	0.04316	0.03803	0.01171	0.02260	0.02072	0.04507	0.07548	0.02627	0.02050	0.01264	0.00603	0.02888	0.00503	0.01746	0.00688	0.00378	0.00562
5	0.00905	2.3e-05	2.8e-05	3.1e-05	3.4e-05	2.1e-05	2.1e-05	3.6e-05	4.6e-05	0.02250	0.01749	0.56454	0.17932	0.17076	0.01199	1.2e-05	1.6e-05	0.01494	0.00461	0.00451
6	0.07149	4.1e-05	0.00892	0.00412	0.00344	0.00419	3.3e-05	0.03736	0.02177	0.69759	0.05796	0.01760	0.05045	3.3e-05	0.00361	7.5e-06	0.00435	0.00380	0.01319	3.6e-05
7	0.00766	0.06941	0.12171	0.16243	0.05195	0.01408	0.11251	0.02936	0.06899	0.17693	0.03201	0.07893	0.01076	0.00440	0.01495	0.00317	0.01316	0.00958	0.00229	0.01573
8	0.00397	0.00290	0.00719	0.01232	0.00397	0.00983	0.00700	0.01176	0.03614	0.07173	0.05505	0.49658	0.20090	0.00395	0.00433	0.03043	0.00296	0.03478	0.00416	2.2e-05
9	0.03073	0.03925	0.43609	5e-05	7e-05	0.00897	0.02309	0.00503	0.00507	0.01118	0.02180	0.13730	0.15421	0.00329	0.00402	8.3e-06	2.6e-05	0.11625	0.00355	2.8e-05
10	0.01140	4.7e-05	5.3e-05	0.01857	6.1e-05	5e-05	0.01108	0.20859	0.37755	0.14317	0.09967	0.00982	0.02970	0.00355	0.00363	7.9e-06	2e-05	0.04534	0.03766	3.5e-05
11	0.00489	0.02592	0.03860	0.14666	0.05433	0.00883	0.04143	0.02534	0.02243	0.12434	0.04454	0.33612	0.04657	0.00948	0.00788	0.01590	0.00662	0.03613	0.00397	2.7e-05
12	0.01032	0.33183	0.50281	5.7e-05	8.4e-05	0.09031	0.01556	0.01093	0.00488	0.00733	0.00411	4.7e-05	3.2e-05	2.2e-05	2e-05	6.6e-06	0.00437	1.6e-05	0.01287	0.00442
13	0.03773	5.9e-05	0.00633	0.00328	6.7e-05	0.18145	0.12323	0.11581	0.19310	0.06149	0.06449	0.01389	0.03087	3.3e-05	2.7e-05	7.7e-06	0.05537	0.06731	0.04544	3.1e-05
14	0.91951	0.00754	3.7e-05	3.2e-05	4.7e-05	5.3e-05	2.7e-05	0.01128	0.02117	0.03248	0.00763	4.2e-05	2.9e-05	2.3e-05	1.5e-05	7.3e-06	1.9e-05	1.4e-05	1.6e-05	2.7e-05
15	0.01757	5.2e-05	8.5e-05	0.05195	0.71953	0.00449	0.01147	0.03037	0.01004	0.07012	0.00836	0.03858	0.00695	0.00921	2.5e-05	7.4e-06	0.00587	0.00935	0.00594	3.6e-05
16	0.03912	0.00456	0.00480	0.00710	5.6e-05	0.00546	3.1e-05	0.07214	0.14780	0.03345	0.06539	0.03370	0.04002	2.8e-05	2.1e-05	0.00480	1.8e-05	0.00916	0.01099	0.52137
17	0.00350	0.00257	0.00816	0.03783	0.02685	0.00244	0.00552	0.01133	0.00880	0.04442	0.08693	0.28908	0.24877	0.05294	0.10154	0.00975	0.01272	0.01847	2e-05	0.02836
18	0.05831	0.01493	0.02941	0.10916	0.09950	0.04357	0.05117	0.10631	0.08000	0.19083	0.03172	0.03371	0.01151	0.00878	0.00396	0.00508	0.06143	0.01671	1.9e-05	0.04389
19	0.00755	0.18029	0.30309	0.00539	0.05129	0.01086	0.08862	0.02986	0.00702	0.04211	0.03757	0.06625	0.02080	0.01132	0.01049	0.06901	0.02174	0.02334	0.01069	0.00271
20	0.03936	4.4e-05	5.4e-05	4.3e-05	5.9e-05	0.00478	0.00370	0.16385	0.11347	0.52790	0.04395	0.01636	0.01630	0.00332	0.01312	7.9e-06	2.1e-05	0.01783	0.03021	0.00561

[dist]
# distance from previous block
# <min> <max>
2	3

[block]
# block no. 4 follows, 3669 sequences, length 25
name=PF00171.15_E
#
# <colnr> <probs for GDERKNQSTAVLIFYWHMCP> 
#	G	D	E	R	K	N	Q	S	T	A	V	L	I	F	Y	W	H	M	C	P
0	0.00349	0.32664	0.51669	5.8e-05	0.00360	0.02486	0.03702	0.00830	0.00342	0.00284	0.00266	0.03816	0.00285	0.00541	0.00803	7.2e-06	0.01270	0.00322	1.1e-05	3.2e-05
1	3.7e-05	2.6e-05	3.2e-05	0.00627	0.00614	2.4e-05	2.3e-05	0.00463	0.02620	0.05995	0.40475	0.08868	0.33885	0.01052	3e-05	0.01165	1.3e-05	0.03428	0.00453	0.00336
2	0.10305	0.09126	0.04867	0.03548	0.02292	0.02558	0.06728	0.03879	0.08816	0.11907	0.05400	0.05245	0.01903	0.00374	0.00367	0.00231	0.01041	0.02333	1.8e-05	0.19078
3	0.05901	0.03618	0.03322	0.27985	0.01392	0.01105	0.01843	0.05470	0.04663	0.09393	0.02466	0.07917	0.01254	0.02882	0.13769	0.01338	0.01204	0.03542	0.00343	0.00593
4	0.19003	4.2e-05	4.7e-05	3.9e-05	5.4e-05	0.00358	0.00360	0.12646	0.09471	0.33700	0.10000	0.03379	0.04357	0.00726	0.00776	7.8e-06	1.9e-05	0.01667	0.02855	0.00681
5	0.00791	3.6e-05	0.00516	0.01415	0.00716	0.01257	0.00808	0.03980	0.01089	0.45717	0.13732	0.05962	0.17979	0.00371	0.00628	0.00571	0.00747	0.00816	0.01233	0.01666
6	0.04933	0.23696	0.23191	0.05119	0.03826	0.06940	0.04708	0.09995	0.00933	0.08943	0.00798	0.01766	3.9e-05	0.00370	0.00857	7.2e-06	0.02878	0.00413	1.4e-05	0.00628
7	0.01261	0.01125	0.00553	0.02006	0.00267	0.10632	0.02894	0.00928	0.09543	0.02617	0.16800	0.04591	0.06000	0.15043	0.09367	0.01274	0.03825	0.03743	0.07529	2.4e-05
8	0.01476	2.4e-05	2.9e-05	3e-05	3.3e-05	2.3e-05	2e-05	0.00382	0.01510	0.01972	0.11829	0.25198	0.16476	0.31067	0.03614	0.01775	1.8e-05	0.03071	0.01610	1.9e-05
9	0.00751	0.07612	0.27595	0.40085	0.04735	0.01430	0.03654	0.00947	0.01900	0.01545	0.00260	0.01746	0.01000	0.00391	0.00802	0.00747	0.03622	0.00747	0.00204	0.00226
10	0.00980	0.00318	0.05387	0.00336	4.2e-05	0.00407	0.01056	0.01413	0.00810	0.01405	0.02241	0.03115	0.01163	0.24364	0.37981	0.17746	0.00701	0.00342	0.00228	1.9e-05
11	0.00895	0.00383	3.9e-05	3.6e-05	4.3e-05	0.00639	2.7e-05	0.03436	0.04696	0.18847	0.01100	0.01721	0.00444	0.30676	0.27214	0.00316	0.01768	0.03354	0.04493	2.4e-05
12	0.06658	4.1e-05	5.1e-05	4e-05	5.7e-05	0.01275	3.3e-05	0.06104	0.02256	0.70034	0.03200	0.01363	0.03023	0.00404	2.4e-05	7.4e-06	2e-05	0.00414	0.05238	3.7e-05
13	0.41748	0.06735	0.26972	0.01548	0.00902	0.01327	0.01399	0.06049	0.00765	0.07212	0.00494	0.00281	0.00774	0.01318	0.01596	8e-06	0.00428	0.00447	1.5e-05	3.1e-05
14	0.00439	0.00399	0.24531	0.00271	0.00371	0.00585	0.03074	0.01102	0.01473	0.16001	0.06902	0.16100	0.05598	0.03010	0.00853	0.12508	0.00398	0.05016	0.01141	0.00228
15	0.04941	0.00308	0.00277	3.8e-05	0.00302	0.00330	0.00324	0.03242	0.04829	0.49076	0.05809	0.03570	0.08949	3.6e-05	0.01555	7.5e-06	1.9e-05	0.00521	0.06377	0.09580
16	0.03046	0.18480	0.05988	0.16165	0.10417	0.01727	0.04221	0.02364	0.11144	0.03012	0.03677	0.07205	0.00957	0.00587	0.01197	0.00248	0.04540	0.01484	0.00542	0.02999
17	0.02192	0.01160	0.02242	0.24114	0.27502	0.03583	0.05785	0.03780	0.06349	0.04579	0.01745	0.06434	0.00925	0.00283	0.00999	8.1e-06	0.03875	0.02563	0.01465	0.00424
18	0.00520	0.05466	0.01702	0.00680	4.4e-05	0.01253	0.01514	0.01201	0.01970	0.04782	0.10645	0.28012	0.25306	0.01695	0.01428	0.00483	0.02507	0.07721	0.00814	0.02298
19	0.05630	0.07762	0.10871	0.02042	0.09536	0.05296	0.05109	0.04540	0.05392	0.04592	0.02618	0.02978	0.01219	0.01526	0.14233	0.00486	0.11269	0.02183	0.00410	0.02310
20	0.79737	0.04334	0.01732	3.6e-05	0.00587	0.00842	0.01564	0.02184	0.02052	0.02045	0.00584	0.00386	0.00776	0.00407	0.00719	0.00410	0.01027	1.5e-05	1.5e-05	0.00607
21	0.01497	0.10616	0.36898	0.11899	0.06150	0.01565	0.10213	0.05806	0.03441	0.03730	0.00858	0.02654	0.00272	0.00224	0.00321	7.5e-06	0.01856	0.00502	0.00215	0.01284
22	0.00910	4.2e-05	0.01716	0.01135	0.00775	0.00811	0.02850	0.08854	0.25830	0.06307	0.16004	0.05582	0.10353	0.03522	0.04916	0.00353	0.03991	0.02771	0.00855	0.02462
23	0.01494	0.00741	3.8e-05	0.01282	0.00722	0.01581	0.00696	0.04614	0.07460	0.09460	0.10505	0.12496	0.30706	0.05565	0.06753	1.1e-05	0.00666	0.04053	2.2e-05	0.01197
24	0.03329	0.10015	0.08243	0.02365	0.01744	0.03317	0.04259	0.03963	0.03728	0.03825	0.02535	0.00468	0.01556	0.00245	0.00239	0.00738	0.01267	0.01667	1.5e-05	0.46493

[dist]
# distance from previous block
# <min> <max>
7	18

[block]
# block no. 5 follows, 3669 sequences, length 6
name=PF00171.15_F
# note: PSSM column 0 corresponds to original block column 5
#
# <colnr> <probs for GDERKNQSTAVLIFYWHMCP> 
#	G	D	E	R	K	N	Q	S	T	A	V	L	I	F	Y	W	H	M	C	P
0	0.01682	4.1e-05	0.02365	0.00528	0.00692	0.00691	0.00702	0.08348	0.29320	0.07082	0.27389	0.03414	0.11573	0.00831	0.01558	0.00574	0.00721	0.01670	0.00853	3e-05
1	4.3e-05	0.01419	0.03527	0.14767	0.04428	0.00770	0.04867	0.02016	0.07773	0.01392	0.18318	0.14621	0.11313	0.01295	0.03854	0.02020	0.02656	0.03952	0.00509	0.00501
2	4.9e-05	0.00641	0.00756	0.47681	0.17773	0.03217	0.01930	0.00809	0.00800	0.00915	0.00992	0.02335	0.00609	0.02367	0.05462	0.01732	0.09748	0.01423	1.2e-05	0.00804
3	0.00467	0.01944	0.44600	0.03033	0.02710	0.01495	0.26125	0.00948	0.00930	0.03032	0.05763	0.00779	0.01239	0.01646	0.01462	0.00494	0.01190	0.01034	0.00546	0.00561
4	0.02380	4.3e-05	5e-05	3.6e-05	5.7e-05	3.4e-05	2.9e-05	0.03064	5.2e-05	0.07556	4.6e-05	5.2e-05	3.7e-05	1.9e-05	1.8e-05	4e-06	1.8e-05	1.5e-05	1.6e-05	0.86948
5	3.6e-05	2.6e-05	3.4e-05	0.01178	0.01786	2.5e-05	0.00667	0.00622	0.00626	0.03935	0.37929	0.21991	0.20720	0.00967	0.03587	0.00875	0.01862	0.01814	0.01426	2.2e-05

[dist]
# distance from previous block
# <min> <max>
0	1

[block]
# block no. 6 follows, 3669 sequences, length 42
name=PF00171.15_G
#
# <colnr> <probs for GDERKNQSTAVLIFYWHMCP> 
#	G	D	E	R	K	N	Q	S	T	A	V	L	I	F	Y	W	H	M	C	P
0	0.96697	4.6e-05	3.6e-05	0.01034	0.00534	5.3e-05	2.7e-05	0.00623	0.00515	0.00559	3.4e-05	4e-05	2.6e-05	2.2e-05	1.5e-05	7.4e-06	1.9e-05	1.3e-05	1.5e-05	2.6e-05
1	3.6e-05	2.6e-05	3.3e-05	3.1e-05	3.8e-05	2.4e-05	2.3e-05	4.8e-05	0.01351	0.02285	0.81491	0.03203	0.04764	4.7e-05	2.7e-05	7.3e-06	1.2e-05	4.1e-05	2.5e-05	0.06863
2	0.00484	0.00990	3.4e-05	3e-05	3.8e-05	2.7e-05	2.3e-05	0.01993	0.04856	0.05963	0.57950	0.00480	0.09692	0.01009	2.6e-05	7.4e-06	1.3e-05	0.00648	0.15913	2.4e-05
3	0.34616	4e-05	4.3e-05	3.7e-05	5.1e-05	4e-05	3e-05	0.04107	0.01633	0.39239	0.06473	0.10968	0.00688	0.00907	0.00504	7.9e-06	1.9e-05	0.00233	0.00602	3.1e-05
4	0.15464	4.2e-05	5.7e-05	0.00827	6.1e-05	0.00597	0.12592	0.04572	0.01240	0.33375	0.05332	0.12925	0.04773	0.00602	2.7e-05	8e-06	0.04440	0.01326	0.01914	3.1e-05
5	3e-05	2.4e-05	2.6e-05	2.6e-05	3.3e-05	2.1e-05	1.9e-05	0.00306	5.5e-05	0.00359	0.10561	0.03063	0.80568	0.03112	3.1e-05	8.5e-06	0.00328	0.01308	0.00366	2e-05
6	0.02685	4.9e-05	5.2e-05	4.7e-05	5.9e-05	0.00766	3.8e-05	0.09353	0.41658	0.09205	0.13549	0.04770	0.13793	0.01048	3.3e-05	1.5e-05	2.4e-05	0.00373	0.02334	0.00434
7	0.00467	4.2e-05	5e-05	0.01048	5.8e-05	3.3e-05	2.9e-05	0.01102	0.00543	0.06669	4.6e-05	5.2e-05	3.7e-05	1.9e-05	1.8e-05	3.9e-06	1.8e-05	1.5e-05	1.5e-05	0.90127
8	4e-05	2.2e-05	3.1e-05	0.00990	3.2e-05	2.2e-05	2e-05	0.01057	3.3e-05	0.00481	5e-05	9.3e-05	5.3e-05	0.24727	0.00945	0.71753	2.2e-05	2.4e-05	1.2e-05	1.2e-05
9	8.8e-05	0.00011	6.7e-05	6.1e-05	7.3e-05	0.97103	4.6e-05	0.01063	0.00712	5.9e-05	3.9e-05	4.5e-05	0.01048	2.5e-05	2.2e-05	6.2e-06	4.2e-05	1.6e-05	1.3e-05	2.8e-05
10	0.03439	0.01679	3.8e-05	3.4e-05	3.8e-05	3.3e-05	2.4e-05	0.05014	0.00772	0.05359	0.03356	0.01295	0.00449	0.50241	0.20118	0.00580	0.06750	0.00928	1.6e-05	2e-05
11	5.1e-05	4.3e-05	5.1e-05	3.7e-05	5.7e-05	0.00439	0.01142	0.01881	0.00940	0.01740	4.4e-05	0.00353	3.6e-05	1.8e-05	1.8e-05	3.8e-06	1.8e-05	1.5e-05	1.5e-05	0.93465
12	0.00962	2.8e-05	3.5e-05	3.5e-05	4.1e-05	0.01904	0.00192	0.01907	0.01002	0.13047	0.11498	0.40165	0.11464	0.07046	0.01231	1e-05	0.00269	0.08016	0.00341	0.00940
13	0.01577	0.00375	0.01308	4.5e-05	0.00142	0.13132	0.06041	0.02626	0.01201	0.18446	0.04107	0.18722	0.05623	0.04232	0.01187	0.00720	0.00544	0.18233	0.00279	0.01500
14	0.00469	3.2e-05	4.3e-05	4.3e-05	0.00864	0.01774	0.06732	0.02531	0.04928	0.00374	0.07654	0.25096	0.11372	0.01207	3.1e-05	9.6e-06	0.00503	0.36475	2.1e-05	2.3e-05
15	0.04955	0.01101	0.00883	3.7e-05	4.9e-05	3.4e-05	0.00907	0.05671	0.04348	0.29634	0.09709	0.12664	0.12321	0.04102	0.00983	0.01116	1.8e-05	0.02906	0.00869	0.07817
16	0.09598	4.1e-05	4.7e-05	4.1e-05	5.4e-05	0.00477	0.00371	0.07436	0.19784	0.34594	0.06254	0.04560	0.05749	0.00652	2.5e-05	0.00752	1.9e-05	0.06493	0.03254	3.3e-05
17	0.01170	3.6e-05	0.00421	0.31438	0.02397	0.00968	0.02778	0.04350	0.00522	0.02919	0.01224	0.00982	0.00403	0.00330	0.00182	0.40896	0.07838	0.00838	0.00339	2.1e-05
18	0.00451	5.5e-05	8.8e-05	0.00428	0.74998	0.01524	0.01965	0.07819	0.00504	0.04428	0.00173	0.00593	0.00326	0.01221	2.5e-05	7.5e-06	0.00298	0.04705	0.00174	0.00378
19	0.00518	2.7e-05	3.2e-05	3.2e-05	3.8e-05	0.00853	2.4e-05	0.02903	0.01755	0.07518	0.23931	0.27788	0.21927	0.05060	0.00949	0.00727	0.00215	0.04324	0.01515	2.3e-05
20	0.24880	4.2e-05	4.8e-05	3.9e-05	5.5e-05	4e-05	3.2e-05	0.04761	0.00447	0.55974	0.01869	0.00654	0.01712	0.01170	2.3e-05	0.00492	1.9e-05	0.00401	0.01031	0.06579
21	0.00999	4e-05	4.8e-05	3.6e-05	5.5e-05	0.00796	2.9e-05	0.00694	0.00660	0.14674	0.02224	0.01696	0.02184	0.01455	0.01667	0.00288	0.00186	0.03237	0.00267	0.68952
22	0.00800	0.00238	0.00992	4.2e-05	6e-05	3.7e-05	3.5e-05	0.05820	0.00566	0.81098	0.01327	0.00313	0.00479	2.9e-05	2.3e-05	7.1e-06	2e-05	2.4e-05	0.03477	0.04861
23	3e-05	2.2e-05	2.8e-05	3.2e-05	3.5e-05	2.1e-05	2.2e-05	3.6e-05	0.02087	0.00596	0.03412	0.75496	0.14698	0.01265	0.00292	0.00624	1.4e-05	0.01503	2.2e-05	2e-05
24	0.03678	3.8e-05	5e-05	4e-05	5.6e-05	3.4e-05	3.3e-05	0.00908	0.01008	0.79554	0.05159	0.01320	0.06720	3.3e-05	2.4e-05	7.4e-06	1.9e-05	0.00677	0.00939	3.7e-05
25	0.02002	3.9e-05	0.00201	0.01944	5.6e-05	3.8e-05	3.3e-05	0.03241	0.16009	0.49649	0.03779	0.02488	0.00459	0.00802	0.00190	0.00167	1.9e-05	0.04593	0.14269	0.00188
26	0.93436	0.00504	3.7e-05	0.01944	4.9e-05	0.03477	2.7e-05	7.1e-05	4.2e-05	0.00595	3.4e-05	3.9e-05	2.6e-05	2.2e-05	1.5e-05	7.3e-06	2e-05	1.3e-05	1.5e-05	2.6e-05
27	7.3e-05	0.01050	0.01945	4.8e-05	5.8e-05	0.60898	3.7e-05	0.01132	0.00473	0.00505	5.1e-05	5.9e-05	4.1e-05	2.6e-05	2e-05	6e-06	3.1e-05	1.8e-05	0.33947	2.6e-05
28	0.01066	4.8e-05	5.4e-05	0.04037	6.4e-05	5.1e-05	3.7e-05	0.12659	0.49197	0.20340	0.04735	8.4e-05	6.9e-05	3.1e-05	2.4e-05	7.5e-06	2e-05	2.5e-05	0.04351	0.03564
29	0.00942	2.7e-05	3.3e-05	3.2e-05	3.8e-05	2.6e-05	0.00255	0.02559	0.02976	0.06085	0.47939	0.03415	0.13251	0.09281	3.6e-05	9.2e-06	1.5e-05	0.07876	0.05395	2.3e-05
30	3.3e-05	2.5e-05	3.1e-05	0.01943	3.8e-05	2.3e-05	2.3e-05	4.3e-05	0.00367	0.01072	0.67396	0.05176	0.23006	5.2e-05	2.8e-05	7.8e-06	1.2e-05	0.01003	2.5e-05	2.2e-05
31	0.00312	2.4e-05	3e-05	3.2e-05	3.6e-05	2.3e-05	2.2e-05	0.02475	0.00473	0.02470	0.22033	0.42934	0.12654	0.08976	0.01030	0.01816	0.00619	0.02661	0.01529	2.1e-05
32	5.8e-05	5.6e-05	0.00317	0.02419	0.91997	0.00389	0.02578	0.00347	5.4e-05	7.7e-05	4.6e-05	0.01147	3.9e-05	2.2e-05	2.4e-05	7.1e-06	0.00762	2.2e-05	1.2e-05	3.7e-05
33	0.03108	4.2e-05	4.9e-05	3.7e-05	5.6e-05	3.4e-05	0.00295	0.01518	0.02501	0.08434	0.01028	0.00390	0.00292	2.1e-05	1.9e-05	4.4e-06	0.00493	0.02107	0.00213	0.79594
34	0.00760	0.01509	6.3e-05	0.01945	6.8e-05	5.4e-05	4e-05	0.45741	0.01716	0.39418	7e-05	6.6e-05	4.7e-05	2.8e-05	2.3e-05	6.9e-06	0.00398	2.2e-05	0.00351	0.08114
35	0.01658	0.02809	0.61334	0.02434	0.00555	0.01179	0.02372	0.09492	0.05915	0.02977	0.00600	0.00485	3.7e-05	0.00284	2.3e-05	7.2e-06	0.00787	0.00181	1.3e-05	0.06930
36	0.00369	0.07874	0.14923	0.06127	0.07788	0.00994	0.22487	0.01653	0.04434	0.02626	0.04868	0.13718	0.03057	0.03057	0.01782	0.00764	0.02290	0.01185	1.5e-05	2.9e-05
37	0.05188	0.05691	5.6e-05	4.6e-05	6e-05	0.02232	3.6e-05	0.07027	0.62951	0.09484	0.03396	8.4e-05	0.01187	3.1e-05	2.3e-05	7.6e-06	2e-05	2.5e-05	0.02801	3.6e-05
38	5.6e-05	4.4e-05	5.1e-05	3.7e-05	5.7e-05	0.00385	3e-05	0.10053	0.01265	0.04482	0.00367	5.4e-05	3.9e-05	2e-05	1.9e-05	4.2e-06	1.8e-05	1.6e-05	0.03625	0.79778
39	0.03337	2.9e-05	0.00177	0.02090	0.00429	0.00619	0.00334	0.07834	0.01261	0.06845	0.03399	0.55432	0.06708	0.05837	0.02245	0.00253	0.00905	0.02104	0.00187	2.3e-05
40	0.01080	0.00235	5.7e-05	4.7e-05	6.2e-05	0.00530	0.00378	0.38172	0.36690	0.05965	0.04824	0.03661	0.03421	0.00220	0.00176	7.6e-06	2.1e-05	0.00505	0.02717	0.01406
41	0.07757	0.00163	5.2e-05	0.02040	5.9e-05	0.01301	0.00523	0.08833	0.09727	0.46755	0.03882	0.05105	0.01956	0.00168	2.6e-05	0.00156	0.03652	0.02082	0.02978	0.02909

[dist]
# distance from previous block
# <min> <max>
24	34

[block]
# block no. 7 follows, 3669 sequences, length 26
name=PF00171.15_H
# note: PSSM column 0 corresponds to original block column 2
#
# <colnr> <probs for GDERKNQSTAVLIFYWHMCP> 
#	G	D	E	R	K	N	Q	S	T	A	V	L	I	F	Y	W	H	M	C	P
0	0.01119	0.00773	4.1e-05	0.00506	4.6e-05	0.00395	0.00531	0.02181	0.09557	0.26489	0.27547	0.03883	0.22976	0.00486	2.7e-05	7.7e-06	0.00215	0.01065	0.01978	0.00288
1	0.69518	4.5e-05	0.01354	3.4e-05	4.8e-05	0.00453	0.00542	0.04221	0.00834	0.07701	0.11731	0.00471	0.00945	2.8e-05	0.00553	7.6e-06	1.9e-05	0.00933	0.00415	0.00308
2	0.03843	0.21911	0.16404	0.05987	0.05239	0.04533	0.12751	0.03012	0.03109	0.18094	0.00345	0.00785	0.00460	0.00190	0.00457	7.2e-06	0.01681	0.00367	1.5e-05	0.00832
3	0.01385	0.00810	0.09940	0.04612	0.01169	0.00190	0.02976	0.00811	0.07291	0.42835	0.03916	0.03900	0.01149	0.01847	0.05328	0.01144	0.03228	0.01083	0.00360	0.06025
4	3.1e-05	2.2e-05	2.8e-05	3.2e-05	3.5e-05	2e-05	2.3e-05	3.6e-05	4.7e-05	0.01115	0.02507	0.68215	0.14131	0.03588	3.5e-05	0.02782	1.5e-05	0.07624	2.2e-05	1.9e-05
5	0.02764	3.5e-05	0.00544	3.7e-05	4.7e-05	0.00427	0.00594	0.07594	0.16905	0.13537	0.21709	0.14038	0.11658	0.01255	2.7e-05	8.1e-06	1.6e-05	0.03019	0.05937	2.8e-05
6	0.05393	0.05212	0.17103	0.10234	0.03753	0.04565	0.02763	0.10713	0.11914	0.18440	0.00461	0.04374	0.00274	2.9e-05	0.00309	7.5e-06	0.01938	0.00539	0.00589	0.01423
7	0.00438	0.17138	0.00646	0.00319	6.5e-05	0.09204	0.00638	0.11035	0.00417	0.01673	3.7e-05	5e-05	3.3e-05	3.4e-05	5.3e-05	8.6e-06	0.57976	1.9e-05	0.00482	2.9e-05
8	0.03315	0.03296	0.07274	0.02138	0.05717	0.01396	0.01297	0.02946	0.01312	0.03059	0.00386	0.00626	0.00276	0.00608	0.00207	5.5e-06	0.02268	0.06220	0.00211	0.57445
9	0.10744	0.28581	0.04973	0.16979	0.07228	0.01134	0.01938	0.02006	0.02629	0.04702	0.03775	0.07925	0.03588	0.00182	0.00553	7.3e-06	0.02022	0.00318	0.00238	0.00484
10	3.4e-05	2.5e-05	3.1e-05	2.9e-05	3.6e-05	2.3e-05	2.2e-05	0.00423	0.01418	0.01562	0.60464	0.03735	0.27528	0.01048	2.9e-05	7.8e-06	1.2e-05	0.00461	0.00834	0.02503
11	0.03951	0.24123	0.01762	0.32734	0.08683	0.06364	0.03678	0.02853	0.00807	0.12267	0.00282	5.7e-05	3.7e-05	2.4e-05	2.2e-05	6.9e-06	0.00590	0.00255	0.00264	0.01373
12	0.01672	4.4e-05	6.8e-05	0.04336	0.41776	0.00226	0.01366	0.01129	0.01218	0.13687	0.02937	0.08102	0.01103	0.03166	0.00272	8.6e-06	0.04430	0.12916	0.01650	3.2e-05
13	3.2e-05	2.4e-05	2.9e-05	2.9e-05	3.4e-05	2.2e-05	2.1e-05	4e-05	0.00735	0.01504	0.38778	0.16951	0.36480	0.03718	0.00897	8.9e-06	1.3e-05	0.00907	2.3e-05	2.1e-05
14	0.03203	5.8e-05	6.2e-05	5e-05	6.6e-05	0.03584	0.00454	0.53524	0.18005	0.15366	0.03955	7.1e-05	5.6e-05	0.00494	2.4e-05	7.4e-06	2.3e-05	2.3e-05	0.01365	3.8e-05
15	3.6e-05	2.3e-05	2.7e-05	2.7e-05	2.8e-05	2.3e-05	1.6e-05	3.7e-05	3.7e-05	0.02220	0.00690	0.05555	0.02644	0.87041	0.00512	2.1e-05	2.2e-05	0.01305	1.6e-05	1.6e-05
16	5.6e-05	4.8e-05	5.1e-05	4.6e-05	5.9e-05	5.5e-05	3.6e-05	0.00012	0.87783	0.00834	0.09472	9.9e-05	0.01838	3.4e-05	2.5e-05	8e-06	1.8e-05	2.9e-05	2.4e-05	3.6e-05
17	0.97717	4.6e-05	3.5e-05	3.1e-05	4.6e-05	5.3e-05	2.6e-05	7.1e-05	4.1e-05	0.02226	3.4e-05	4e-05	2.6e-05	2.2e-05	1.5e-05	7.3e-06	1.8e-05	1.3e-05	1.5e-05	2.6e-05
18	0.13071	0.00853	0.03201	5.2e-05	0.00379	6.9e-05	4.4e-05	0.79582	0.00431	0.00620	5.4e-05	0.01356	4e-05	2.8e-05	2.3e-05	7.2e-06	0.00467	2.1e-05	2.2e-05	3.8e-05
19	0.01286	0.00255	0.00294	0.00630	0.00196	0.00250	0.00579	0.05386	0.62634	0.02226	0.13927	0.01360	0.03038	0.00337	0.00339	7.8e-06	0.00238	0.00389	0.00194	0.06441
20	0.05468	0.04362	0.17538	0.10538	0.03754	0.03398	0.03021	0.02465	0.02440	0.22673	0.03171	0.00599	0.00468	0.00278	0.00214	6.8e-06	0.00929	0.00234	1.7e-05	0.18447
21	0.01493	3.4e-05	4e-05	3.6e-05	4.5e-05	3.5e-05	2.8e-05	0.02774	0.27800	0.07407	0.46037	0.00447	0.13557	4.3e-05	2.6e-05	7.7e-06	1.5e-05	3.7e-05	2.5e-05	0.00449
22	0.84975	4.6e-05	0.01354	0.00704	5e-05	5.1e-05	2.8e-05	0.00855	4.5e-05	0.12067	4.1e-05	4.4e-05	3e-05	2.3e-05	1.6e-05	7.4e-06	1.9e-05	1.4e-05	1.6e-05	2.8e-05
23	0.00504	0.00193	0.09211	0.25504	0.38136	0.01034	0.06614	0.02213	0.01057	0.03942	0.00848	0.02289	0.01950	2.9e-05	0.00983	0.02194	0.00991	0.01959	0.00183	0.00193
24	0.01594	0.00661	0.04523	0.08490	0.11712	0.02179	0.09979	0.05683	0.03942	0.06779	0.01604	0.13675	0.07234	0.00312	0.08877	0.00287	0.10435	0.02031	1.7e-05	2.9e-05
25	3.1e-05	2.4e-05	2.8e-05	2.8e-05	3.4e-05	2.1e-05	2.1e-05	3.8e-05	0.00726	0.00886	0.24778	0.26939	0.42846	0.02533	3.1e-05	8.7e-06	1.3e-05	0.00822	0.00440	2.1e-05

[dist]
# distance from previous block
# <min> <max>
6	13

[block]
# block no. 8 follows, 3669 sequences, length 15
name=PF00171.15_I
#
# <colnr> <probs for GDERKNQSTAVLIFYWHMCP> 
#	G	D	E	R	K	N	Q	S	T	A	V	L	I	F	Y	W	H	M	C	P
0	0.01956	5.1e-05	8e-05	0.05748	0.64398	0.00548	0.01761	0.00865	0.07540	0.03285	0.03224	0.01858	0.05982	2.8e-05	2.4e-05	7.4e-06	0.00525	0.01682	0.00605	3.4e-05
1	0.01267	0.00796	0.01730	0.49386	0.18161	0.02275	0.02235	0.01561	0.00991	0.00573	0.00471	0.00801	0.00616	2.4e-05	0.00420	7.1e-06	0.01739	0.00379	0.00380	0.16218
2	0.00502	2.9e-05	3.6e-05	3.4e-05	0.00680	0.00495	0.00841	0.02674	0.06285	0.08069	0.52556	0.10213	0.05311	0.02277	0.01089	8.3e-06	1.5e-05	0.01303	0.06602	0.01092
3	0.01439	0.00361	0.00365	0.00779	0.00366	0.00471	0.17234	0.24898	0.23541	0.08909	0.06231	0.03460	0.01948	0.00827	0.00614	0.03321	0.02554	0.01445	0.01233	3.3e-05
4	0.00503	2.6e-05	3.4e-05	3.6e-05	4.1e-05	0.00616	2.7e-05	0.02989	0.00690	0.09928	0.00841	0.61274	0.00571	0.01755	0.00500	0.00525	1.7e-05	0.16257	0.02605	0.00927
5	4.6e-05	0.01021	0.80707	6.2e-05	9.1e-05	0.01657	0.00993	6.9e-05	4.9e-05	7.2e-05	5.4e-05	0.08956	4.6e-05	0.04237	2.8e-05	8.4e-06	3.2e-05	0.02369	1.2e-05	3.2e-05
6	0.14764	2.6e-05	3.1e-05	3.4e-05	3.8e-05	2.7e-05	2.4e-05	4.3e-05	0.01464	0.02310	0.00011	0.75404	0.00013	6.3e-05	2.8e-05	9.1e-06	0.01861	0.01165	0.02070	0.00903
7	0.93268	0.01591	3.7e-05	3.2e-05	4.7e-05	5.3e-05	2.6e-05	0.01769	4.3e-05	0.01984	0.01345	4.2e-05	2.9e-05	2.3e-05	1.5e-05	7.3e-06	1.9e-05	1.4e-05	1.5e-05	2.6e-05
8	0.78705	0.01372	4.1e-05	3.4e-05	5e-05	0.01398	2.8e-05	0.02511	4.7e-05	0.15969	4.3e-05	4.6e-05	3.1e-05	2.3e-05	1.6e-05	7.3e-06	1.9e-05	1.5e-05	1.7e-05	2.9e-05
9	0.00494	0.00576	8.7e-05	0.00518	0.68115	0.19952	0.00754	0.01010	0.00501	0.00933	0.00938	0.00514	0.00929	2.4e-05	2.5e-05	7e-06	0.04261	2.1e-05	0.00485	3.4e-05
10	0.02234	0.05953	6.7e-05	5.2e-05	6.8e-05	0.30078	4.2e-05	0.35159	0.01078	0.22665	5.8e-05	5.8e-05	4.2e-05	2.8e-05	0.00862	7e-06	3e-05	2e-05	0.01919	3.5e-05
11	0.01858	4.3e-05	0.00594	4.1e-05	5.8e-05	3.8e-05	0.01036	0.02710	5.3e-05	0.17714	0.01692	0.00575	4.4e-05	0.01013	0.01655	6.1e-06	0.11287	1.8e-05	0.00567	0.59270
12	0.03317	0.00499	4.8e-05	0.00478	5.2e-05	0.13445	0.05663	0.02214	0.04583	0.13012	0.12634	0.10614	0.07317	0.12510	0.00597	1e-05	0.02544	0.07163	0.03396	2.6e-05
13	0.00789	2.4e-05	2.7e-05	2.7e-05	3.4e-05	2.1e-05	2e-05	3.8e-05	0.00955	0.01050	0.15944	0.17521	0.60858	0.00756	0.00945	8.6e-06	1.3e-05	0.01157	2.3e-05	2.1e-05
14	3.4e-05	2.4e-05	3.1e-05	3e-05	3.5e-05	2.2e-05	2.2e-05	4.3e-05	6.2e-05	0.02197	0.68273	0.07141	0.15672	0.04048	0.00965	8.7e-06	1.3e-05	0.01666	2.5e-05	2.2e-05

[dist]
# distance from previous block
# <min> <max>
4	9

[block]
# block no. 9 follows, 3669 sequences, length 12
name=PF00171.15_J
#
# <colnr> <probs for GDERKNQSTAVLIFYWHMCP> 
#	G	D	E	R	K	N	Q	S	T	A	V	L	I	F	Y	W	H	M	C	P
0	0.00655	0.79176	0.02456	0.00704	0.00990	0.06997	0.01301	0.01593	0.01693	0.01822	3.7e-05	4.2e-05	3.2e-05	2.3e-05	0.00767	5.7e-06	0.00801	1.4e-05	1.1e-05	0.01028
1	0.01355	2.5e-05	0.00587	0.00617	0.00573	2.3e-05	0.00615	0.00464	0.00576	0.02153	0.09967	0.51510	0.16998	0.04165	0.00557	0.01004	1.5e-05	0.04672	0.00615	0.03564
2	0.01165	0.51441	0.21653	0.01089	0.02771	0.02333	0.06343	0.02013	0.01284	0.05353	0.01449	0.00513	0.00518	2.3e-05	2e-05	6.2e-06	0.00545	0.00514	1.2e-05	0.01011
3	0.00955	0.03870	0.07291	0.09465	0.12951	0.03827	0.08665	0.03993	0.02446	0.24460	0.02205	0.09340	0.00715	0.01285	0.00893	0.01141	0.04198	0.01813	1.8e-05	0.00486
4	0.00738	3.8e-05	5.1e-05	4.1e-05	5.6e-05	3.4e-05	3.3e-05	0.01288	0.03412	0.76380	0.07262	0.02452	0.02044	0.01121	0.00715	7.9e-06	2e-05	0.03455	0.01101	3.7e-05
5	0.01070	3.1e-05	0.00752	0.00605	4.5e-05	2.8e-05	0.00610	0.01188	0.00898	0.28983	0.42299	0.07870	0.12759	4.6e-05	0.00609	7.9e-06	1.5e-05	0.01492	0.00846	2.8e-05
6	0.01148	0.19238	0.16870	0.04236	0.07736	0.11280	0.06357	0.06424	0.02887	0.09624	0.01157	0.01212	0.00804	0.00456	0.00491	6.9e-06	0.01132	0.00887	0.00435	0.07625
7	0.31971	0.01545	0.03053	0.03440	0.01579	0.03255	0.04986	0.04309	0.03637	0.19018	0.02563	0.04989	0.03157	0.01949	0.01055	0.02690	0.02082	0.02630	0.02088	2.9e-05
8	0.02183	3.5e-05	4.3e-05	0.00619	4.9e-05	0.00747	0.00811	0.04279	0.04437	0.38407	0.13166	0.13040	0.15946	0.00907	2.7e-05	8e-06	1.7e-05	0.02362	0.03075	3e-05
9	0.01389	0.00429	0.00503	0.02957	0.01060	0.01322	0.04132	0.01715	0.02686	0.16862	0.20805	0.14566	0.11748	0.01683	0.00481	0.00453	0.03874	0.11883	0.00931	0.00520
10	0.08236	0.01524	0.06881	0.04880	0.03364	0.06348	0.03759	0.08913	0.05566	0.17734	0.02608	0.05423	0.02461	0.10395	0.02001	0.02288	0.01017	0.05648	0.00421	0.00533
11	0.37622	0.00443	4.8e-05	0.01142	0.00461	0.01156	0.00495	0.11460	0.02433	0.36003	0.00910	0.00569	0.00696	0.03054	0.00927	0.00584	0.00543	0.00532	0.00962	3.2e-05

[dist]
# distance from previous block
# <min> <max>
4	6

[block]
# block no. 10 follows, 3669 sequences, length 10
name=PF00171.15_K
#
# <colnr> <probs for GDERKNQSTAVLIFYWHMCP> 
#	G	D	E	R	K	N	Q	S	T	A	V	L	I	F	Y	W	H	M	C	P
0	0.04075	5.3e-05	7.3e-05	5.8e-05	0.02049	0.04279	0.19003	0.22301	0.06634	0.26519	0.00871	0.01008	0.01010	3e-05	2.6e-05	7.7e-06	0.02013	0.06688	0.03522	3.5e-05
1	0.91844	4.6e-05	3.7e-05	0.02512	5e-05	5.3e-05	2.8e-05	0.03016	4.3e-05	0.00011	3.6e-05	4.6e-05	2.9e-05	2.3e-05	1.6e-05	7.4e-06	1.9e-05	0.02570	1.5e-05	2.6e-05
2	5.5e-05	7.6e-05	0.22199	8.9e-05	0.00012	5.8e-05	0.71629	0.02033	5.6e-05	0.02058	5e-05	0.02011	3.8e-05	2.2e-05	2.7e-05	7.9e-06	3.8e-05	2.6e-05	1.2e-05	3.3e-05
3	0.01732	0.04395	0.00719	0.14707	6.6e-05	0.05692	0.00757	0.07742	0.11466	0.06999	0.23473	0.02263	0.07357	0.00861	0.00693	0.00612	2.1e-05	0.02458	0.08062	2.8e-05
4	0.02674	2.3e-05	2.4e-05	0.02677	3.2e-05	2.4e-05	1.8e-05	5.5e-05	4.9e-05	8.8e-05	7.7e-05	0.02515	6.2e-05	2.9e-05	1.7e-05	5.7e-06	1.2e-05	2.3e-05	0.92078	2.2e-05
5	0.01936	0.01246	0.01370	4e-05	5e-05	0.03510	0.00609	0.12313	0.17664	0.03988	0.13172	0.03305	0.09401	0.00847	0.00612	0.04062	0.00609	0.14643	0.10700	2.8e-05
6	0.02764	0.00982	5.3e-05	4.2e-05	5.7e-05	0.02781	0.00799	0.09275	0.05341	0.59733	0.00907	0.00883	5.8e-05	0.01340	0.00729	7.5e-06	0.00807	2.3e-05	0.11995	0.01642
7	0.31789	4.3e-05	4.5e-05	0.01066	5.3e-05	0.03169	0.00714	0.02946	0.07919	0.26464	0.03671	0.03145	0.08739	3.3e-05	0.00713	7.5e-06	0.01468	0.00800	0.01202	0.06177
8	0.02430	0.01910	0.06480	0.01479	0.02573	0.17359	0.02954	0.43380	0.12982	0.01871	5.7e-05	5.9e-05	4.2e-05	2.7e-05	2.3e-05	6.9e-06	2.8e-05	2e-05	0.03227	0.03328
9	4.5e-05	4.1e-05	6.7e-05	0.83803	0.01205	0.00932	6e-05	6e-05	0.00991	0.01212	0.04540	0.02724	0.00952	2.8e-05	2.6e-05	0.01640	0.01040	2.4e-05	0.00924	2.6e-05

[dist]
# distance from previous block
# <min> <max>
2	3

[block]
# block no. 11 follows, 3669 sequences, length 25
name=PF00171.15_L
#
# <colnr> <probs for GDERKNQSTAVLIFYWHMCP> 
#	G	D	E	R	K	N	Q	S	T	A	V	L	I	F	Y	W	H	M	C	P
0	3.9e-05	2.6e-05	3.3e-05	3.1e-05	3.8e-05	2.4e-05	2.3e-05	5e-05	0.01042	0.07937	0.75803	0.04312	0.09060	4.9e-05	2.8e-05	7.6e-06	1.2e-05	0.00705	0.00558	0.00546
1	0.05029	0.03179	0.14791	6.7e-05	0.00483	0.00524	0.28663	0.01435	0.00354	0.03350	0.05387	0.00669	0.00285	0.00478	3.9e-05	8.2e-06	0.27190	0.01080	1.3e-05	0.07090
2	0.05123	0.10875	0.27834	0.24700	0.08145	0.03287	0.03661	0.04314	0.01092	0.07863	0.00285	0.00294	3.5e-05	2.4e-05	2.3e-05	7.3e-06	0.01802	1.9e-05	0.00278	0.00436
3	0.13944	0.11085	0.08203	0.03250	0.12770	0.02359	0.00982	0.29237	0.02517	0.08114	0.00561	0.00293	3.9e-05	0.00251	2.2e-05	0.00259	0.00852	0.00273	0.00257	0.04787
4	0.00231	0.00478	0.00231	0.02321	0.01716	0.01064	0.00854	0.00374	0.03354	0.02145	0.32128	0.06366	0.41296	0.00262	0.00259	0.00255	0.01726	0.02608	0.02330	2.3e-05
5	0.02536	0.00226	0.00548	0.02744	0.06129	0.00744	0.01501	0.00322	0.00257	0.23107	0.01470	0.02325	0.00670	0.04772	0.42898	0.00496	0.08460	0.00532	0.00261	2.7e-05
6	0.01838	0.61299	0.18068	0.01595	0.01403	0.01723	0.01464	0.01232	0.00750	0.05971	0.00344	4.6e-05	3.4e-05	0.00282	0.00566	6.1e-06	0.00812	1.5e-05	1.2e-05	0.02642
7	0.00871	0.06070	0.29994	0.10252	0.09438	0.03351	0.07248	0.01727	0.05702	0.17759	0.01583	0.01498	0.00485	2.6e-05	0.00266	7.3e-06	0.00422	2.2e-05	1.6e-05	0.03326
8	3.4e-05	2.3e-05	2.8e-05	2.9e-05	3e-05	2.2e-05	1.8e-05	3.7e-05	0.00520	0.00787	0.13012	0.22528	0.01755	0.59017	0.01556	1.8e-05	2e-05	0.00796	1.8e-05	1.7e-05
9	0.00491	3.4e-05	0.04598	0.01575	0.01144	0.00347	0.00404	0.01196	0.05533	0.11672	0.41899	0.13413	0.10007	4.8e-05	2.7e-05	8e-06	1.6e-05	0.05714	0.01991	2.6e-05
10	0.02196	0.09529	0.29126	0.04546	0.05583	0.03592	0.06336	0.04169	0.03958	0.23529	0.00378	0.00564	0.00258	2.6e-05	0.00566	7.3e-06	0.01080	2e-05	0.00293	0.04295
11	0.03855	0.03852	0.04782	0.25342	0.31352	0.00250	0.02659	0.00904	0.01056	0.10057	0.00576	0.10810	0.01486	0.00251	0.00240	7.8e-06	0.01070	0.01137	0.00317	3.1e-05
12	3.4e-05	2.4e-05	3e-05	3.2e-05	3.6e-05	2.3e-05	2.2e-05	0.02385	0.00560	0.02162	0.10095	0.50695	0.11540	0.14723	0.01756	1.2e-05	1.6e-05	0.05612	0.00447	2e-05
13	0.03455	0.00393	0.02049	0.03383	0.12320	0.01134	0.03206	0.05659	0.06711	0.25163	0.24200	0.05188	0.05658	3.6e-05	2.5e-05	7.6e-06	0.00364	0.00340	0.00474	0.00294
14	0.02515	0.06091	0.27943	0.03394	0.10295	0.01288	0.06215	0.04271	0.03216	0.25990	0.01177	0.02291	0.00354	0.00316	2.4e-05	7.3e-06	0.00617	0.00868	1.7e-05	0.03155
15	0.01288	0.00444	0.06192	0.29570	0.12636	0.00663	0.05770	0.00607	0.00405	0.22638	0.02653	0.05038	0.02035	0.00883	0.04004	0.00372	0.02305	0.02048	0.00447	3.1e-05
16	0.00961	3.3e-05	4.1e-05	3.7e-05	4.7e-05	0.00356	2.9e-05	0.04048	0.07694	0.29940	0.30262	0.06410	0.07050	0.04392	0.01666	9e-06	1.8e-05	0.06007	0.01189	2.9e-05
17	0.05719	0.02640	0.13667	0.11452	0.19904	0.06852	0.06995	0.11295	0.01544	0.15200	0.00481	0.00982	0.00248	0.00233	2.4e-05	7.3e-06	0.00741	0.00381	0.00370	0.01292
18	0.06923	0.02290	0.06819	0.10239	0.19708	0.06160	0.06606	0.09904	0.07246	0.19854	0.00571	0.00757	4.4e-05	0.00236	0.00251	7.5e-06	0.01436	0.00384	0.00252	0.00359
19	3.3e-05	2.5e-05	3.3e-05	0.04331	0.00280	0.00814	0.00730	0.00375	0.01504	0.00541	0.05723	0.50520	0.16896	0.02992	0.01616	0.04724	0.00916	0.07212	0.00551	0.00266
20	0.00844	0.00238	0.00458	0.22907	0.35415	0.03164	0.04649	0.03907	0.08127	0.01717	0.09981	0.00672	0.02208	0.00230	0.00231	7.6e-06	0.02257	0.00513	0.00230	0.02253
21	0.00288	2.9e-05	3.8e-05	0.00346	4.3e-05	2.7e-05	0.03114	0.01206	0.04374	0.04372	0.47624	0.10575	0.12575	0.02048	0.02232	0.00279	0.00319	0.02699	0.00565	0.07371
22	0.92074	0.00777	0.00573	0.00697	0.00681	0.01081	0.00583	0.00651	0.00907	0.01348	3.6e-05	0.00609	2.8e-05	2.3e-05	1.5e-05	7.3e-06	1.9e-05	1.4e-05	1.5e-05	2.6e-05
